0.078564 -0.00695726 0.720905
-0.171179 -0.010084 8.32375
-0.118983 0.0296431 5.6087
0.0248429 0.000722821 -0.450969
-0.0212612 0.00063244 2.60155
0.00666673 -0.00620694 0.849918
-0.00730728 0.000963162 1.56487
0.00787999 0.000730554 -0.0650622
0.0298742 0.0113209 -2.78236
0.176517 0.000476867 -21.1969
-0.0325649 0.00235908 6.16209
-0.0184245 0.00483519 3.82098
0.0575141 -0.0291072 -8.59874
0.00570599 0.00122637 -0.10244
-0.00721457 0.00138936 2.31439
-0.0186777 0.00147901 4.86813
-0.0022167 0.000480826 1.32079
0.00900651 0.00498902 -1.3603
0.0104903 0.000502232 -1.52361
-0.00762305 0.000752118 2.84725
0.0147276 0.00531462 -3.2686
0.0131068 0.00384876 -2.43733
0.0578336 0.00427197 -15.5445
0.466546 -0.00109693 -148.48
-0.0457598 0.00194564 19.1694
0.00353277 -0.00227478 -0.200348
0.102474 0 -30.0694
-0.020113 -3.50622e-05 15.0473
0.0399939 -0.00498735 -14.4334
0.0393344 -2.46292e-05 -14.808
0.0486112 0.00152934 -18.5469
0.056905 0.00506347 -22.5151
0.192923 -0.00285835 -86.2224
0.13659 -0.00221627 -60.4028
-0.129221 0.0089943 63.3951
0.329046 0.000229692 -157.921
0.137646 -0.000645462 -66.401
0.308811 -0.00648106 -154.273
0.195752 0.00251893 -101.838
-0.0460776 -0.0123066 27.0724
-0.0453855 -0.013456 26.6878
0.0499934 0.000642357 0.763013
-0.162241 -0.00697905 8.14987
-0.169392 -0.0139173 8.35902
-0.00659765 -0.00559331 1.26227
0.0153951 -0.000848131 0.242689
0.00682144 -0.00608315 0.933364
-0.00901854 -0.00235142 1.81503
0.00788187 0.00316004 -0.131262
0.0428278 0.000313973 -4.18764
0.095435 -0.00198489 -10.3999
-0.0353738 0.00433665 6.49865
-0.0105363 0.00521587 2.55349
0.0209512 -0.00271239 -2.43514
0.00338076 -0.000774413 0.362111
-0.00683407 0.00145044 2.2079
-0.0120889 0.00245741 3.39548
-0.00121523 -0.000500282 1.10688
0.00892865 -0.000153483 -1.28974
0.0623475 0.00820529 -14.5696
-0.00216152 -0.000184518 1.40534
0.0104783 0.00336706 -2.12949
0.0256148 0.010299 -6.32431
0.0558549 0.00511046 -15.0102
0.158102 0 -47.5899
-0.0166357 0 9.34596
-0.00447921 0.003748 2.5411
0.0875192 -0.00315339 -24.5348
0.0439732 0 -9.13043
0.0296643 -0.00402994 -10.265
0.02507 2.83095e-05 -9.04797
0.0373577 0.00287058 -14.0649
0.0711512 0.00445402 -28.8444
0.232075 -0.00569217 -103.835
0.301169 -0.0156952 -135.284
-0.113761 -0.000276818 56.0721
0.229188 0.00824492 -108.98
0.124198 -0.00475979 -59.532
0.160731 -0.0104099 -78.0392
0.554688 0 -291.31
-0.0461458 -0.0131995 27.0659
-0.0406885 -0.011185 23.9692
0.0687193 -0.00222797 0.751904
-0.135827 0 7.48943
-0.207394 0.0160056 8.77995
0.00745619 0.00198784 0.39128
-0.0212891 0 2.60903
0.00059215 -0.00232157 1.28129
-0.00799531 -0.00220173 1.69192
0.00769019 0.00457499 -0.188918
0.0243433 0.000739175 -1.98967
0.239205 0 -29.3421
-0.0160711 -0.0202965 4.58456
-0.0216542 0.00493624 4.18223
0.0445536 0.0142587 -7.06908
-0.00708529 -0.000919467 2.45829
0.00880682 0 -0.895668
-0.00907456 0.00842436 2.52334
0.00206376 0.00553336 0.165941
0.0194172 0.000379431 -3.83045
0.0722835 -0.0326922 -15.9488
0.0020503 0.00656585 0.0546059
0.0200471 0.00112792 -4.71795
0.0108289 0.00606226 -2.02429
0.0615933 0.00805856 -17.0328
0.163762 0.0105324 -49.7807
-0.0552729 0.00359978 22.3036
0.00342048 0.0125828 -0.594648
0.103936 0.000859912 -30.6354
0.0439732 0 -9.13043
0.022844 0.00780268 -8.06223
0.0203817 0.00197253 -6.96067
0.0499398 0.00731622 -19.7326
0.0344743 -7.40877e-05 -12.9304
0.145855 -0.0142033 -64.6854
0.159512 0 -71.0365
-0.116359 0.00431794 57.5449
0.408113 0 -196.445
0.104683 -0.0218173 -48.9311
0.10847 0.000310796 -51.5791
0.554688 0 -291.31
-0.0381386 -0.000892883 21.8456
-0.0430644 0.000800785 24.4012
0.0197954 0.000691759 0.9926
-0.209329 -0.0104167 9.31155
-0.0184514 -0.000594347 1.8967
-0.00157283 -0.00177994 1.05943
-0.0758169 -0.00267047 6.27631
0.00859098 -0.00217393 0.661602
-0.0115432 0.00632904 1.64524
-0.001558 0.0063966 0.671336
0.016317 0.00134165 -0.829554
0.0265845 -0.00215592 -1.46176
-0.0395574 -0.000841237 7.30701
-0.0186959 0.0152178 3.40253
0.00307441 0.00944517 0.204508
0.00385628 0.0172487 -0.327935
-0.0058964 0.00965118 1.73029
-0.00995674 0.0227883 2.14661
-0.00209634 0.0264508 0.267194
0.00970984 0.0218622 -2.28077
0.29248 0.00238868 -73.1179
-0.00132556 0.0237186 0.27061
0.01803 0.0108983 -4.46504
0.0223143 0.00431345 -5.18429
0.0454452 0.0105033 -11.9984
0.433805 0.0121763 -138.341
-0.0340823 0.00655052 15.0777
0.0506916 0.0247156 -17.6015
0.0595049 0.000460039 -14.5173
-0.0302055 0.002522 18.742
0.0432372 0.0114191 -15.979
0.00522564 0.0140952 -1.45502
0.0282339 0.00341773 -10.3202
0.33373 0.0627821 -142.629
-0.0484529 0.0205827 28.4372
0.280911 0.411575 -143.172
-0.460589 0.357928 207.323
0.436005 0.10996 -214.854
-0.0374973 0.300636 10.0358
0.0359891 0.0249384 -12.3893
0.0349848 0.0264013 -12.0252
-0.0337645 0.0494571 23.7177
-0.0353177 0.0619896 23.9178
0.0250597 0.0111599 0.230054
-0.000157097 0.000559676 1.31494
-0.00504678 0.00285603 1.05515
0.00728919 0.00977901 -0.0653946
-0.00530129 0.022682 -0.0471355
-0.00279795 0.0107805 0.583721
-0.00777182 0.00942638 1.01397
0 0 -1
0.016412 0.0040208 -1.12411
0.161921 0.00342297 -19.1661
-0.0134804 -0.00780505 3.69044
-0.0107282 0.00721422 2.55728
0.035319 -0.0112121 -3.89672
0.00158246 0.0067209 0.677127
0.00069553 0.00777001 0.675245
-0.00758965 0.00687728 2.5139
0.000429698 0.00813931 0.672179
0.00847258 0.0113683 -1.4565
0.162369 0.00214824 -39.5567
-0.000824862 0.0119783 0.732578
0.00593209 0.0103555 -1.01704
0.000394088 0.00388257 1.22413
0.0551412 -0.00310462 -14.325
0.321937 0.00216683 -101.675
-0.00454278 -0.00748235 6.12298
0.112319 0.162377 -48.6361
0 0 -1
0 0 -1
-0.00275641 0.0110184 7.56353
0.00221349 0.0164226 5.26261
0.0155395 0.0132218 -0.244087
0.0142522 -0.00252043 1.69393
-0.00809167 0.00168433 11.3646
-0.0407934 0.0136853 25.7199
0.00240807 0.0202717 5.08334
-0.0021806 0.0237012 7.22488
0.00968482 0.0402576 0.200449
0.0178624 0.0114694 -2.19936
0.0357002 0.0230008 -12.323
-0.00174113 0.0379204 6.86623
-0.0229784 0.0562727 17.3859
0.107857 0.0159131 -0.506406
0.0224446 0.143764 -9.43667
-0.0219689 0.0164167 0.860934
-0.00271592 0.00909867 0.499722
0.00169917 0.0136542 0.149772
0.0295177 0.0562416 -5.09794
-0.00693895 0.00623984 1.18131
0.0074015 0.0079989 -0.428383
0.000816503 0.0248133 -0.959972
0.128707 0.00780485 -15.2619
-0.00263855 -0.00152543 1.78869
-0.00361399 -0.00153663 2.06699
0.0256736 0.00473469 -3.1346
0.00405501 -0.00422642 1.0387
-0.000590815 0.00297513 1.26093
-0.0099067 -0.00367186 3.79681
-0.000543695 -0.00488428 1.83831
0.00693566 -0.000953863 -0.223087
0.0350386 0.00228151 -7.23748
-0.000940307 -0.00411945 1.971
0.0215599 0.00670518 -5.09556
0.0206827 -0.0164378 -3.21629
0.0372603 -0.0211104 -7.19425
0.0644112 -0.0461919 -13.74
0.0178414 -0.0134874 -0.720086
0.0461384 -0.0312805 -9.81245
0.00121172 -0.0114111 7.73455
-0.000530771 -0.00452348 8.10925
0.00244194 -0.333132 29.4912
0.00702349 -0.399373 32.6564
-0.000645742 0.154795 -2.96171
0.012055 0.0909222 -3.95861
0.0112132 0.00409351 2.65623
0 0 -1
0.0423803 0.0392169 -15.2466
-0.116693 -0.0784262 67.5004
-0.00868344 -0.288933 32.8352
0.0151921 0.023887 -1.62307
0.0223792 0.00047899 -3.97864
-0.0394355 0.351925 5.07546
-0.0382261 -0.179223 42.4197
0.107527 0.0254911 -0.534002
0.151785 0.022023 -1.44041
-0.079741 -0.0946097 13.9867
-0.00930237 -0.00779329 2.37891
-0.00212252 -0.0105326 2.51606
0.000957569 0.00542723 1.20962
0.00289938 0.00220258 0.903791
0.000767099 0.0152805 -0.263747
0.0781027 -0.0512923 -3.05551
0.0285645 -0.00421264 -1.81581
0.0167645 -0.000260642 -0.992434
-0.00493342 -0.0107983 3.07989
0.0204305 -0.0105137 -1.13014
0.00181213 -0.0151366 2.38747
0.00135544 -0.00348011 1.31625
-0.00495974 -0.0186134 3.98643
0.00448352 -0.0162973 1.65292
0.00276896 -0.016729 2.0707
0.00287642 -0.00699453 1.23974
0.0114738 -0.00843384 -1.16616
0.00784112 -0.0191949 0.839359
0.0211018 -0.0151206 -3.15488
0.0175248 -0.0767753 4.03451
0.0765612 -0.04419 -17.7656
0.0302243 -0.0451122 -2.17615
0.0167423 -0.0497528 0.736548
0.00525429 -0.0130831 6.25651
-0.0392563 -0.0978185 27.2249
0.00517998 -0.0270376 2.52386
-0.000275044 -0.0488875 6.7283
-0.00332074 -0.0668158 9.59762
-0.0130678 -0.0510451 12.7
0.0210569 -0.0143075 -6.20773
0.0305807 -0.0172104 -9.81664
0.0381208 0.0223018 -17.5344
0.14333 0.0334328 -69.9946
0.0693238 -0.00331901 -31.468
0.0332733 -0.0402898 -9.95768
0.181281 -0.454241 -50.7269
-0.0178392 -0.137973 29.1866
0.000647823 -0.0901123 14.9607
0 0 -1
0 0 -1
0 0 -1
-0.0116298 -0.00203368 2.09128
0 0 -1
0.00622266 0.0179562 -1.08663
0 0 -1
0 0 -1
0 0 -1
0 0 -1
0.000290977 -0.00600944 1.67949
0 0 -1
0.00751554 0.00966545 -0.940734
0 0 -1
-0.000982035 0.0128655 0.0907649
0 0 -1
-0.00103998 0.00837536 0.415358
0.00387127 -0.00166221 0.365841
0.0108636 0.0497236 -6.50845
0.0113375 0.0205761 -4.057
0 0 -1
-0.0531533 0.143179 2.33522
0.0235525 -0.0287025 -2.27913
0 0 -1
0 0 -1
-0.214316 0.00557785 76.165
0 0 -1
0 0 -1
0.00581641 -0.0186034 1.22541
0 0 -1
-0.00327734 -0.019331 5.05613
-0.0839024 -0.0912477 47.689
0.0166164 0.0202619 -7.99894
0.124839 -0.0251045 -52.6525
0 0 -1
0.0898927 -0.0259231 -38.6334
0 0 -1
0 0 -1
-0.0312231 0.00397003 17.4059
0 0 -1
-0.0530424 0.0109908 29.0028
0.101056 0.0371431 -2.96265
0.118258 0.0190207 -0.433631
-0.0167152 0.0260698 -0.607048
-0.00505439 0.0416879 -3.09889
0.00978637 0.0575197 -5.52769
-3.41506e-05 0.074217 -7.14939
-0.080087 -0.0250574 13.2469
-0.0237121 0.026012 0.901294
-0.00753225 0.0331585 -1.30006
-0.0167205 0.00527077 2.93127
0.00484477 0.0174109 -1.39418
0.0171092 0.0391805 -5.96088
0.000509528 0.0651728 -5.89066
0.0023757 0.0676829 -6.96114
-0.00111462 0.0439033 -3.43546
0 0 -1
4.11167e-05 0.0740125 -7.09669
0.0049766 0.0801732 -9.19197
-0.000932443 0.0400847 -2.97542
0 0 -1
0.0108667 0.0677403 -9.42819
0.018299 0.0515086 -9.33183
0.0240767 0.0315881 -8.59055
0.0314946 0.0493991 -13.5287
0.0667688 -0.0123539 -17.4714
0.0456058 0.0915516 -24.1898
0.293641 0.00686713 -102.942
-0.30448 0.0962573 109.747
0.012552 0.0456455 -8.35935
0.00883381 0.0284342 -5.08273
0.00872453 0.0612891 -8.94251
0.00621502 0.0723059 -9.27416
0.0192601 0.0660113 -13.5616
0.0184922 0.0520183 -11.8376
0.0100295 0.054211 -9.02593
0.0114134 0.0689529 -11.0091
0.0397196 0.0210265 -19.6494
-0.0488076 0.0672025 20.2771
-0.058277 0.029591 29.8167
0 0 -1
-0.19895 0.196183 87.0356
-0.0299536 -0.0143293 5.92696
-0.0246069 0.00120616 4.3058
-0.019168 0.0827595 -7.03138
-0.00459803 0.0913447 -9.18318
-0.00540928 0.0730775 -6.4518
0.00180867 0.0506335 -4.01345
-0.00231315 0.048433 -3.13804
0.0176833 0.0739472 -8.84487
0.00110199 0.0758359 -7.35601
-0.0897545 0.152699 -5.44035
0.0121644 0.116666 -14.52
0.0249469 0.118232 -16.5907
0.00640122 0.0962765 -10.9096
0.00243603 0.0959777 -10.1276
0.0109446 0.104828 -13.056
-0.00728134 0.0908792 -7.4389
-0.00505168 0.100458 -8.90383
-0.037441 0.151103 -7.55944
-0.00954333 0.0718991 -3.93107
0.00826523 0.108355 -13.4857
0.0218654 0.0994782 -16.3836
0.0340722 0.0812828 -17.8316
0.0221614 0.0845772 -14.5454
-0.00926239 0.0672241 -2.62173
0.0321123 0.0128103 -8.70663
-0.0506911 0.0217952 18.2557
0.110061 0.0555249 -43.526
-0.432788 0.140918 150.708
0.00883318 0.108694 -14.7016
0.00426612 0.0963128 -11.3217
0.0104745 0.0924576 -13.3009
0.0219 0.0750808 -16.0457
0.0601238 0.095831 -35.9964
0.0766424 0.0853362 -41.8384
0.194553 -0.14943 -66.009
-0.00287221 0.525678 -62.435
0.0326451 0.0634307 -21.0494
0.07508 0.042854 -39.9351
-0.0130073 0.0747813 1.19905
-0.32854 0.12888 166.498
-0.00769793 0.157973 -13.9083
0.0197753 0.0649957 -5.55287
0.00235935 0.137738 -15.4704
-0.00395448 0.119022 -12.7753
-0.0138897 0.0948708 -9.13714
-0.00119325 0.111393 -12.2217
0.00530112 0.0834413 -8.58379
-0.00317715 0.0640577 -4.84014
0.00779238 0.0808803 -8.51113
0.017571 0.103363 -12.7706
0.0170128 0.0828857 -10.0127
-0.000826405 0.11558 -12.2527
0.00651139 0.105227 -11.8314
-0.000566441 0.105239 -10.8337
0.00571586 0.0919804 -9.86479
0.00459728 0.0989979 -10.9499
0.0162448 0.109898 -14.7627
-0.014205 0.0977943 -6.53161
-0.00685836 0.11503 -10.5644
2.08864e-05 0.1066 -11.0275
-0.00745743 0.111945 -9.795
0.00490122 0.103287 -11.8336
0.0164869 0.119823 -17.3858
0.0343548 0.232703 -39.3156
-0.201995 -0.0946423 81.6636
0.0733916 -0.0314415 -16.4297
-0.0504483 0.119798 4.74356
0.282589 0.013636 -100.09
-0.167509 0.0171299 67.6258
0.0190154 0.128413 -21.3455
-0.00785991 0.10095 -6.64204
-0.0102596 0.104541 -6.26341
0.0206782 0.0952639 -18.2851
0.0164492 0.105112 -17.8217
-0.0253539 0.00757545 15.7367
0 0 -1
-0.0100058 0.00925092 10.9754
-0.0227625 0.0783344 5.23756
0.0135761 0.0631159 -11.0677
0.0828013 -0.0179999 -35.6882
0.0526815 -0.00924952 -20.3972
0.0273613 -0.243141 25.1702
-0.0328128 0.071156 -4.06698
-0.0244131 0.101562 -9.19952
-0.0141196 0.0763059 -5.89926
-0.0447143 0.14425 -15.1651
-0.0235357 0.114356 -11.1757
0.00603437 0.115533 -13.5889
0.00525744 0.10731 -11.9729
0.0257739 0.0990714 -12.5589
0.0173599 0.109137 -13.7315
-0.0467567 0.190498 -18.3026
0.00528727 0.104176 -11.4181
-0.00707439 0.102404 -9.42943
0.00297806 0.0914333 -9.47903
0.0110038 0.10485 -12.9225
0.00512216 0.0938265 -9.98127
0.00318941 0.109239 -12.2608
-0.00329794 0.109953 -10.8733
-0.00472828 0.107832 -9.99663
0.0127652 0.101982 -13.8327
0.0196159 0.122192 -18.6157
-0.00504893 0.0806407 -4.75449
0.076205 0.112487 -33.8266
0.0175437 0.0498716 -6.38392
0.0167732 0.0217808 -1.46512
-0.0293695 0.0565294 8.18773
-0.0320299 0.110409 0.417301
-0.00323848 0.0506597 -0.051238
-0.137355 -0.0745321 70.3466
0.102905 -0.0408245 -26.964
-0.00389265 0.0837815 -5.54299
-0.000572141 0.0941748 -8.71824
-0.0106272 0.113259 -7.13436
0.0122592 0.0881319 -13.3265
0.043246 0.0716058 -25.2536
0.0974752 0.0443759 -46.2233
-0.0696754 0.023726 37.3353
0.0125049 0.0853143 -13.6106
-0.0127203 0.0750673 0.741133
0.0378721 0.02106 -17.5211
0 0 -1
-0.0769872 0.0497158 40.1569
-0.0275395 0.0893727 -7.10642
-0.0272332 0.0851274 -6.57179
-0.00385234 0.116039 -12.4308
-0.009286 0.118322 -12.3022
-0.00898918 0.115564 -12.443
0.00127113 0.16465 -21.1023
0.00542018 0.114354 -12.8945
0.00651795 0.108924 -12.4133
0.0058639 0.108839 -12.3757
-0.00561585 0.110886 -10.9686
0.0121149 0.136191 -18.0362
0.0102262 0.109941 -12.9107
-0.0058946 0.120885 -12.7931
0.00831022 0.119617 -15.0254
-0.0188477 0.129355 -11.1103
0.021904 0.127128 -19.4722
-0.0059467 0.109677 -10.2376
-0.00148532 0.0925724 -8.42867
-0.00522407 0.101182 -9.05666
0.00532552 0.0865086 -8.9665
-0.0127111 0.0753994 -2.23505
0.00579996 0.0648355 -5.69852
0.0138898 0.0263813 -1.56107
0.0104481 0.0266658 -0.293348
-0.00814751 0.021443 6.77211
-0.0105488 0.036797 4.78449
-0.0143533 0.0463985 4.48619
-0.013526 0.0688292 0.307577
-0.00495386 0.0511675 0.049563
0.00184989 0.0718056 -5.97431
-0.00766712 0.065908 -0.875585
0.00580838 0.0735891 -7.92878
0.00427323 0.119536 -15.1387
-0.0402983 0.0102144 24.489
0.0145808 0.0600133 -9.60281
-0.020263 0.0482667 9.20376
-0.00275422 0.0417659 1.4544
-0.0113218 0.0676517 1.67876
-0.0181341 0.0608152 6.0741
-0.0238817 0.0255668 15.4286
-0.0488792 0.042195 26.0331
-0.0238643 0.0979551 -8.57965
-0.0231771 0.0882248 -6.67048
-0.0346552 0.109596 -10.0363
-0.0296501 0.100875 -8.54862
0.000558838 0.128848 -15.7052
0.00199229 0.117624 -12.9126
0.0337224 0.121282 -17.1274
0.0208543 0.108294 -13.5335
0.0262949 0.10663 -13.9438
0.0072654 0.11795 -14.0866
0.0123382 0.0954994 -10.8319
0.00228396 0.116611 -12.9845
0.00514477 0.105098 -11.624
-0.0013179 0.0935293 -8.2514
0.00504936 0.110868 -12.6162
-0.00130831 0.0999296 -9.11017
-0.0016384 0.127869 -14.6646
-0.00547622 0.105513 -9.6049
-0.00948931 0.105363 -8.70918
0.00280252 0.0898604 -9.04652
-0.00896531 0.0854439 -5.17989
-0.0177268 0.0879204 -3.11824
-0.0157614 0.0682298 0.131494
0.00424413 0.0583235 -4.20616
0.00547351 0.053753 -3.64439
-0.00585854 0.0662875 -2.13384
-0.00839224 0.0709056 -2.12393
-0.0033732 0.0679948 -3.38951
0.00823053 0.0702925 -8.54938
-0.00387648 0.0625745 -2.08085
0.00809815 0.0672385 -7.97876
0.0280811 0.077215 -18.7234
0.0167907 0.0766472 -13.7365
0.00539646 0.06795 -7.0196
-0.00231153 0.050419 -0.0158319
-0.00369142 0.0571673 -0.844194
0.00669542 0.0784538 -9.98746
-0.00899733 0.0568031 2.29729
-0.0218584 0.0716595 6.16635
-0.0429758 0.0618568 19.3575
-0.0294015 0.0600757 12.1874
-0.0065844 0.0929531 -7.56307
0 0 -1
0.00104576 0.120997 -13.7869
0.00323251 0.119271 -13.6724
-0.00052464 0.114977 -12.6902
0.018053 0.1081 -12.9027
0.00236959 0.135648 -16.999
0.00180749 0.127406 -15.1858
0.0259721 0.140694 -20.5242
-0.00527185 0.115655 -12.2604
0.00244405 0.11438 -13.0233
0.0200762 0.0999256 -12.7309
-0.0305017 0.0710355 1.55859
-0.00226631 0.0946894 -8.139
-0.0343819 0.0804236 1.41145
-0.00824558 0.0923345 -6.36529
0.00183998 0.110217 -12.3041
0.00583885 0.0729619 -5.96605
-0.0121193 0.106273 -8.31088
0.000765723 0.105295 -11.4212
-0.00155832 0.0858974 -6.91432
-0.0197556 0.10671 -5.95515
-0.0159263 0.0899929 -3.72042
-0.00169279 0.0888089 -8.17862
0.0148582 0.073517 -10.4253
-0.0149102 0.0876938 -2.81387
-0.0427394 0.101259 4.42093
-0.00430607 0.0947214 -8.31618
-0.00407791 0.094215 -8.42482
0.0156752 0.0789262 -13.1405
0.0124662 0.0671792 -9.50596
-0.00482662 0.0864567 -6.06981
0.0139607 0.0852771 -14.0607
0.0055622 0.0751217 -8.40863
0.00440462 0.0830988 -9.40811
-0.00333585 0.078472 -4.88627
-0.00183781 0.0675772 -3.47852
-0.0118245 0.072432 0.756876
-0.0211463 0.0682334 6.63016
-0.0572035 0.0903652 21.5033
-0.0355797 0.0785246 12.0099
0.00513174 0.100876 -9.32083
0.00807314 0.120569 -13.4418
0.0121708 0.124313 -14.5634
-0.0226315 0.103199 -8.57475
0.0124788 0.116522 -13.7482
0.00176415 0.112457 -12.2456
0.0113827 0.135246 -18.1092
0.0199509 0.099819 -11.1879
-0.00346264 0.128518 -15.3559
0.0133825 0.141463 -20.0281
0 0 -1
0.0124938 0.101841 -12.0283
-0.00113743 0.113407 -12.102
-0.00182179 0.106992 -11.1321
0.0118796 0.0821046 -8.27401
-0.00202979 0.108621 -11.0931
-0.0046513 0.100053 -8.88157
0.0375915 0.0951343 -17.6561
-0.00197327 0.113399 -12.6915
0.0227352 0.117494 -19.8547
-0.0166505 0.102619 -6.08819
-0.0267324 0.0927714 -1.09789
-0.0112998 0.112268 -9.78014
-0.0170785 0.11052 -7.77261
-8.58216e-05 0.0945093 -9.77728
-0.00559515 0.076701 -4.09392
0.0152928 0.0733405 -10.9893
-0.0264309 0.102333 -1.37501
0.000214951 0.089184 -8.92044
0.0108789 0.068513 -8.99573
0.0174394 0.0734904 -12.7541
0.00774184 0.0930046 -13.1142
0.0100377 0.0729963 -9.97153
0.0225497 0.0640941 -14.0562
0.019047 0.0744582 -14.5965
0.00161863 0.0666295 -4.50411
0.0200043 0.098832 -20.958
-0.000602865 0.0862718 -7.57756
-0.0282664 0.0819059 7.45183
-0.0440294 0.0843152 15.5876
-0.0457829 0.0937374 14.4267
0.0106568 0.118451 -13.2618
0.0203155 0.115618 -13.1707
0.0294666 0.115382 -12.7491
0.0100519 0.121171 -13.8688
-0.00327795 0.110617 -11.2577
0.00279899 0.118686 -13.0204
0.0265147 0.0146694 7.7487
-0.00346564 0.107711 -10.4614
-0.00612516 0.120472 -12.8342
-0.003044 0.124262 -14.2357
-0.00403946 0.122786 -14.0148
0.00399346 0.10834 -12.0592
0.0286938 0.10038 -14.6653
0.00689675 0.118091 -14.5742
-0.0150346 0.118697 -10.8965
-0.00550702 0.113403 -11.3746
-0.00504242 0.103978 -9.06346
0.0382448 0.0476549 -6.44805
-0.0166036 0.0931145 -3.73453
-0.00536215 0.11313 -11.6293
-0.00783715 0.112887 -10.6999
0.0178147 0.13387 -23.2323
-0.0239169 0.156224 -15.7804
-0.0181149 0.0949815 -3.614
-0.0147859 0.110109 -8.49306
0.00104327 0.0988061 -11.1833
0.00123444 0.103183 -12.2116
-0.00527359 0.097154 -8.59869
-0.0322486 0.0758749 7.06741
0.0144009 0.0703493 -10.5567
0.00601284 0.0871891 -10.6811
0.0243325 0.110215 -23.6999
0.110162 0.259143 -96.3459
0.00328645 0.057931 -3.01463
0.0156672 0.0777441 -13.8116
0.0219211 0.0424583 -8.90275
0.0722603 0.186263 -67.3002
-0.0443926 0.0545119 22.7122
-0.0329799 0.0688659 13.0383
-0.0197654 0.0730904 4.86132
-0.0412517 0.0784539 15.3649
0.00966669 0.133583 -16.7305
0.00891701 0.140801 -18.4504
-0.000496777 0.12013 -13.2408
0.0484299 0.14789 -22.8982
0.000100646 0.124754 -14.8999
-0.0202988 0.125103 -13.3979
0.0239397 0.102949 -11.9406
0 0 -1
-0.0151575 0.0992918 -6.97771
-0.00672933 0.0803283 -3.25279
-0.0223052 0.117809 -10.0011
-0.00969741 0.118427 -12.0836
-0.0166968 0.10554 -7.61803
0.00519692 0.113757 -13.3093
-0.0238008 0.115894 -8.06454
-0.000759258 0.114943 -12.7743
-0.00567377 0.105543 -9.78894
0.000952162 0.108084 -11.8202
-0.0221571 0.103491 -4.92526
-0.00427011 0.104209 -9.67683
0.0232158 0.113034 -19.4121
-0.00954823 0.101747 -6.99967
-0.036389 0.119153 -3.31897
-0.0155436 0.106253 -6.76771
-0.00571036 0.123648 -14.5176
-0.0045396 0.10696 -10.8829
0.00864002 0.108804 -16.1969
0.0269518 0.126323 -27.3153
-0.0687247 0.0905816 18.2311
-0.0138969 0.0764498 -0.475532
0.0236841 0.053697 -10.3958
0.0222461 0.0825514 -16.7581
0.185546 0.0817758 -88.441
0.00782718 0.0310533 1.13343
0.0515614 0.0732506 -29.9633
0.102 -0.0633038 -20.9623
-0.0406957 0.0519064 21.055
-0.0199377 0.0500538 11.0601
-0.0344694 0.0652335 14.7705
-0.0313914 0.0514761 16.9403
-0.0331616 0.0648106 14.2404
0.00269159 0.133658 -16.6557
-0.00264194 0.13374 -16.6181
-0.0379099 0.108588 -8.93462
-0.0165323 0.115096 -11.3846
-0.00464036 0.110993 -11.0119
-0.0188785 0.0980563 -6.90501
0.00916498 0.133603 -18.3194
0.00420998 0.120178 -14.361
-0.00781567 0.103267 -8.77926
0.0110845 0.103469 -11.5571
-0.00102486 0.108803 -10.8375
-0.00739659 0.122714 -13.5144
-0.00894909 0.111889 -10.4396
-0.0116954 0.103016 -7.75735
-0.00388005 0.124157 -14.3164
-0.0170047 0.0847514 -1.97559
-0.0457286 0.0562347 11.7815
-0.0105892 0.113257 -10.5903
0.00674581 0.10733 -13.3349
0.00457383 0.107361 -12.8741
0.0210372 0.0978292 -15.4055
0.0261849 0.110555 -19.6117
-0.0262191 0.0743949 4.58575
-0.00513362 0.0727184 -1.69877
-0.0101432 0.0895499 -4.21642
0.00318524 0.129745 -19.2042
0.00512909 0.116145 -16.5895
0.0648958 0.106793 -36.8259
-0.0691398 -0.0531266 55.3212
-0.121186 0.0880341 40.2141
0.0216446 0.0656024 -12.1512
0.00970021 0.155774 -29.7146
0.158926 0.0471233 -68.2607
-0.0867922 -0.154129 95.5756
-0.00803475 0.0791463 -3.24967
0.00566639 0.122623 -20.4392
-0.0113485 0.0389974 9.60657
-0.0608938 0.08222 23.9784
-0.0359012 0.0400589 21.7386
-0.0367974 0.0592865 17.4599
0.0218125 0.0808893 -20.0483
0 0 -1
-0.0410571 0.117928 -10.892
-0.028955 0.103509 -7.48437
-0.0252958 0.126626 -14.027
0.0443111 0.145645 -23.4957
-0.0162001 0.105704 -8.92548
0.0163548 -0.0733123 35.6372
-0.00128013 0.116405 -13.1781
0.000956785 0.123932 -15.4274
0.000300134 0.110045 -11.659
0.0198564 0.108533 -13.8408
-0.0168391 0.119566 -11.2451
-0.0249149 0.128475 -12.1137
0.00753352 0.121256 -16.0601
0.0177219 0.1108 -15.4074
-0.0037152 0.122726 -14.2845
0.00890664 0.1301 -19.4196
-0.0051193 0.13994 -18.4319
-0.0101393 0.138915 -17.4158
0.0360827 0.114759 -23.4672
0.0270557 0.122849 -23.5489
0 0 -1
0.062586 0.0836004 -25.8011
0.0278167 0.086509 -15.8896
0.0344917 0.152403 -35.4193
0.0998305 0.183076 -66.8089
-0.0351073 0.164404 -14.7539
-0.145034 0.364605 -25.1696
-0.198388 0.253556 25.7073
-0.13272 0.270826 -0.870184
0.0575613 0.0302786 -15.1688
-0.124011 0.114011 39.6808
0.0238227 0.0823102 -17.2519
0.0421492 0.0795203 -24.8636
0.0615942 0.0528071 -27.0248
0.0111447 0.144333 -28.1367
-0.00659662 0.129513 -16.1267
-0.00156617 0.128538 -18.2821
-0.044894 0.112955 8.05897
-0.0759906 0.0967593 29.0273
-0.0449538 0.0896117 14.2933
-0.0478199 0.115173 -10.0619
-0.018015 0.119069 -12.3165
-0.0263647 0.0994687 -6.54487
-0.0298818 0.102028 -6.88096
-0.0225249 0.0878942 -3.30443
-0.0159004 0.119674 -12.6055
-0.000748971 0.105881 -10.0729
0.00912143 0.114202 -13.3129
-0.00874478 0.110823 -10.5437
-0.00675473 0.0898514 -4.7951
0.00524415 0.104457 -10.5953
0.0212649 0.090968 -9.4022
-0.0112755 0.0970976 -5.92114
-0.0106018 0.115275 -10.8415
0.0109239 0.137261 -21.5462
0.00256011 0.116145 -13.8863
0.0207048 0.114254 -17.622
0 0 -1
0.00436693 0.137801 -20.1202
-0.00861492 0.178014 -28.0201
-0.00960454 0.175037 -27.2412
-0.00117546 0.130784 -17.1623
0.00497279 0.145529 -22.929
-0.010424 0.120594 -11.3724
0 0 -1
-0.0324054 0.138692 -8.37978
-0.0256194 0.15414 -15.0977
0.0504642 0.0636496 -16.7702
0.020929 0.0734718 -8.40524
-0.00632988 0.050135 9.14132
-0.0630696 0.00797481 45.2423
-0.0201182 0.11279 -5.05056
0.0230382 0.12331 -27.4992
0.00313983 0.114599 -16.7387
0.0301899 0.102689 -25.9914
-0.0479414 -0.0761328 62.9109
-0.014624 0.132394 -13.1953
-0.0192515 0.103654 -2.70461
-0.0384512 0.0921689 10.6167
-0.0559265 0.0825604 22.5225
-0.0830899 0.0701038 40.9427
-0.0509947 0.124373 -12.7132
-0.0536714 0.118509 -10.9658
-0.0507362 0.112428 -9.44837
-0.029792 0.118421 -11.8218
-0.0131731 0.0987036 -6.72707
-0.0151805 0.0974951 -5.99943
-0.0222622 0.112826 -10.1489
-0.0210141 0.207091 -38.2755
0.00105432 0.0960462 -7.20937
0.00257335 0.0990905 -8.30179
0.0185883 0.115469 -15.7626
0.131854 0.197055 -57.9749
0.00458111 0.101472 -9.80553
-0.0135355 0.109696 -8.86847
0 0 -1
0.00519921 0.108078 -12.029
0.0120904 0.122689 -18.1649
0.0426939 0.144171 -31.5455
0.00860485 0.121959 -16.2481
-0.0263728 0.104347 -1.7628
-0.0302475 0.120334 -5.21241
-0.0198024 0.117763 -7.29459
0 0 -1
-0.0168692 0.107977 -5.70175
-0.0129169 0.0934121 -2.38299
-0.0325758 0.112999 -1.3282
0.0161236 0.0699335 -5.99093
0 0 -1
-0.00107704 0.0780282 -1.42252
-0.00573976 0.106619 -7.58297
-0.0522984 0.0491064 29.0944
-0.0181923 0.160869 -19.9327
-0.0303136 0.15429 -12.906
-0.0404483 0.12979 -1.00645
-0.138473 0.000693595 83.7536
-0.050206 0.150971 -1.7069
-0.00263672 0.0886706 -6.83884
-0.0124479 0.0894913 -2.07575
-0.138471 0.0971449 62.0799
-0.0861679 0.0810847 39.977
-0.0866537 0.0834825 39.1314
-0.046887 0.134986 -15.9559
-0.0498817 0.132214 -15.0492
-0.0493646 0.143591 -18.6601
-0.0416449 0.121373 -11.8847
-0.0243669 0.117594 -11.7722
-0.013043 0.089238 -3.64596
-0.0183704 0.104216 -8.13917
-0.0118902 0.0767658 0.00737846
-0.0037207 0.0933002 -5.63341
0.00757982 0.126931 -17.562
-0.0197743 0.0847925 -0.190652
0.00473452 0.0915366 -6.34478
-0.0127323 0.0907018 -3.46558
-0.0104491 0.0873591 -2.77441
-0.00595161 0.0989757 -7.06086
0.0133473 0.0994396 -11.2253
0.00297382 0.111042 -12.6959
0.0355169 0.0967944 -15.8612
0.016413 0.0855625 -7.50611
-0.00830456 0.0842302 -0.37199
-0.00222559 0.0932692 -4.95129
-0.00641662 0.0683571 3.74843
-0.0634861 0.133597 1.20286
-0.00701548 0.108182 -8.5929
-0.000142813 0.10305 -9.47789
-0.0122947 0.113593 -8.39357
-0.00895652 0.10563 -7.36351
0.0122605 0.0729042 -5.09427
0.00700763 0.0903664 -8.18118
-0.00540455 0.0810427 -0.2813
-0.00408872 0.0673694 3.45921
-0.0165228 0.1316 -11.7151
0 0 -1
-0.021833 0.138818 -12.258
0.0195946 0.0587708 -5.86262
-0.0216591 0.146308 -14.2986
0.154769 0.112777 -93.734
-0.0237617 0.0844982 5.0322
-0.0477024 0.0740965 21.0782
-0.0892266 0.0191504 60.4784
-0.0772587 0.0653607 39.6725
-0.0482579 0.141063 -17.8391
-0.0497353 0.137841 -16.7645
-0.0623739 0.121412 -10.9544
-0.0481877 0.110076 -8.04288
-0.0121017 0.0476502 9.86375
-0.0259104 0.104187 -7.69114
-0.017972 0.108475 -9.9495
0.026368 0.110702 -14.6845
0.00822322 0.0900617 -6.02749
0.00470666 0.0966157 -7.35619
-0.0152288 0.0372378 14.4916
-0.00588208 0.0780428 -0.396415
0.0182258 0.0701467 -2.1493
0.00987218 0.0948966 -8.89694
-0.00730582 0.101865 -7.91048
-0.000855732 0.122469 -15.6421
0.00280631 0.0949124 -7.32351
0.0208097 0.0825156 -7.81701
0.0161366 0.0834178 -6.81717
-0.0978305 0.115931 13.3925
-0.0164329 0.0520785 11.9535
-0.0106362 0.0692916 4.61312
0.0119493 0.0804996 -5.8076
-0.0102513 0.0893178 -1.67745
-0.00761181 0.0940068 -4.2107
-0.0210429 0.082156 4.37549
0.0118008 0.0676174 -2.7266
0.00727562 0.0865094 -7.18523
0.0247309 0.0762352 -10.4553
-0.0201307 0.064273 11.3079
-0.0104945 0.0558027 10.2111
-0.0175816 0.092803 0.899493
-0.0237801 0.127068 -7.18566
-0.0236702 0.0806795 7.58044
0.00370847 0.0578627 1.63478
-0.0143325 0.0769695 4.45438
-0.0527762 0.122129 8.37773
-0.0826855 0.099598 30.9975
-0.0682259 0.0563919 37.5119
-0.100847 0.0293976 63.6734
-0.124671 0.0330074 75.7611
-0.050293 0.143993 -18.7638
-0.0531982 0.136652 -16.246
-0.0673821 0.115762 -8.80031
-0.0497737 0.0757659 3.34214
-0.0345573 0.105583 -7.30894
-0.0332865 0.106322 -7.56442
-0.0239183 0.0984228 -5.72293
0.0310005 0.0585217 2.17624
0.0841784 -0.0441259 30.3954
-0.0201664 0.0664097 5.85057
-0.0296885 0.0544588 10.6498
0.00156832 0.0791162 -1.88121
0.00861867 0.0939982 -8.09964
-0.00491786 0.0975767 -6.90509
0.0090303 0.0717178 -1.34874
-0.00567812 0.183115 -35.1143
0.0244544 0.0555427 0.597403
0.0302026 0.0708364 -6.08016
0.0149153 0.0788708 -5.08329
-0.0265661 0.056677 13.0811
-0.0218922 0.0220647 23.2543
0.0022951 0.0555546 5.26667
-0.0260244 0.072118 8.88544
0 0 -1
-0.0327447 0.0712223 11.7875
-0.0201832 0.0315924 20.5963
0.00210622 0.048498 7.03444
0.0130793 0.0466442 3.56807
0.000806899 0.0202241 17.0797
0.0302225 -0.0440885 26.7103
-0.0179199 0.0375594 19.0565
-0.00249835 0.0612914 4.78917
-0.0266387 0.0833779 8.07231
-0.0256035 0.0626329 14.207
-0.0357991 0.106126 4.39057
-0.0398745 0.0947926 10.9632
-0.0517401 0.0780081 22.3153
-0.0861574 0.0878475 36.7485
-0.0817698 0.0766347 37.8727
-0.101434 0.031775 63.1148
-0.0971438 0.0356201 59.6223
