0 42 1
2 42 3
2 43 3
2 3 2
3 5 3
5 6 3
6 7 3
7 8 3
8 50 3
50 133 2
52 133 3
11 52 3
11 53 3
13 53 3
13 14 3
14 15 3
15 16 3
16 17 3
17 59 3
59 141 3
19 141 1
19 20 3
20 21 3
21 22 3
22 23 0
23 146 3
23 24 2
24 25 0
25 66 3
66 67 1
27 67 3
27 28 0
28 29 3
29 30 3
30 72 3
30 31 3
31 72 3
31 196 1
32 196 1
32 33 3
33 74 3
33 34 2
34 35 2
35 36 0
36 37 2
37 38 0
38 39 2
39 40 3
72 112 3
31 113 3
32 74 3
35 118 2
113 196 1
0 165 3
34 116 3
42 165 0
3 45 3
5 45 3
36 78 3
37 78 3
0 41 3
3 44 3
44 45 3
28 110 3
21 62 3
22 63 3
27 110 0
33 116 2
6 47 3
7 48 3
16 57 3
62 63 3
23 63 1
43 84 3
5 46 3
5 47 3
47 48 3
13 54 3
14 55 3
15 56 3
15 57 3
17 57 3
17 58 3
58 59 3
19 60 3
24 66 0
35 76 3
84 125 0
2 44 3
45 46 3
46 47 3
8 49 3
93 133 3
52 53 3
53 54 3
54 55 3
14 56 3
20 60 3
20 61 3
20 62 3
76 118 0
43 44 2
8 48 3
49 50 3
57 58 3
60 141 1
61 62 3
29 70 3
30 112 3
32 73 3
34 118 2
56 57 3
28 69 3
28 70 3
36 77 3
36 119 3
43 125 3
48 49 3
55 56 3
69 70 3
111 113 3
34 75 3
36 76 1
77 119 3
78 119 3
60 61 3
24 106 3
31 112 3
73 74 3
75 118 2
52 135 3
66 106 1
69 110 3
112 113 3
39 80 3
53 135 3
53 95 3
62 103 3
23 106 2
42 84 3
54 95 3
62 104 3
29 71 3
40 80 3
133 135 3
103 104 3
63 104 3
70 71 3
76 77 0
38 80 2
40 81 3
2 84 3
95 135 3
30 71 3
75 116 3
80 81 3
50 132 3
41 82 3
44 85 3
47 88 3
49 132 3
133 174 3
43 85 2
46 88 3
132 133 3
58 99 3
59 99 3
66 107 3
0 82 3
132 174 3
93 135 3
55 137 3
57 98 3
58 98 3
106 107 0
73 196 1
48 88 3
48 89 3
54 137 3
55 97 3
56 97 3
56 98 3
60 101 3
82 165 3
88 89 3
48 90 3
49 90 3
99 141 2
101 141 1
23 104 1
97 98 3
61 101 3
89 90 3
95 137 3
98 99 3
61 143 3
46 87 3
90 132 3
62 143 3
67 149 3
71 112 3
37 160 2
45 87 3
87 88 3
133 134 3
103 143 3
66 149 1
27 149 3
71 113 3
78 160 1
38 160 1
45 85 3
134 174 3
107 149 1
106 146 2
27 150 3
104 146 0
149 150 3
74 156 2
85 125 3
45 128 3
110 150 1
70 111 3
73 156 1
33 156 1
85 128 3
87 128 3
95 136 3
97 137 3
101 143 3
103 144 3
69 111 3
116 156 1
93 134 3
135 136 3
136 137 3
143 144 3
104 145 3
106 147 3
116 118 2
38 121 2
80 121 3
85 126 3
88 130 3
97 138 3
97 139 3
98 139 3
101 142 3
145 146 0
146 147 2
77 118 3
119 160 1
121 160 1
121 161 1
126 128 3
89 130 3
134 135 3
137 138 3
98 140 3
99 140 3
141 142 0
146 187 3
107 147 1
107 148 3
118 119 3
126 167 3
89 131 3
104 144 3
147 148 0
156 196 1
128 167 3
87 130 3
90 131 3
132 173 3
138 139 3
140 141 2
81 121 3
139 140 3
142 143 3
144 145 3
110 111 3
121 122 3
84 165 0
135 217 3
110 192 1
116 198 1
116 199 1
119 200 1
122 161 1
122 204 1
164 165 3
136 217 3
118 200 1
160 161 3
161 202 3
82 164 3
125 165 3
160 202 3
125 126 3
147 187 2
70 113 3
130 131 3
137 178 3
148 149 1
149 231 3
150 231 3
111 192 1
160 200 3
82 205 3
131 132 3
136 178 3
138 178 3
149 189 0
195 196 3
156 197 0
198 199 3
174 175 3
150 192 3
130 170 3
131 173 2
134 217 3
141 223 3
164 205 3
87 129 3
129 130 3
134 175 3
140 223 3
143 184 3
144 185 3
125 166 3
128 169 3
130 212 3
174 215 3
175 215 3
142 183 3
142 184 3
143 185 3
113 195 1
126 166 3
128 129 3
170 212 3
130 172 3
131 172 3
175 217 3
136 177 3
138 179 3
139 180 3
140 181 3
141 183 0
184 185 3
122 202 1
165 166 3
129 169 3
172 212 3
177 217 3
177 178 3
179 180 3
140 180 3
181 223 3
145 186 3
148 189 2
111 193 1
111 194 1
111 195 1
197 198 3
156 198 0
116 200 1
129 170 3
132 215 3
180 181 3
144 186 3
146 186 1
192 193 3
193 194 3
194 195 3
196 197 3
178 179 3
183 184 3
186 187 0
199 200 3
172 173 2
185 186 3
160 201 3
200 201 3
128 209 3
147 188 3
150 232 3
201 202 3
167 209 3
187 188 2
231 232 3
198 278 0
169 209 3
148 188 1
192 232 3
166 167 3
188 229 3
172 213 3
187 229 2
197 278 0
178 219 3
188 189 0
122 201 1
212 213 3
173 214 3
175 216 3
177 219 3
179 219 3
192 233 2
193 233 2
165 207 3
166 207 3
132 214 3
215 216 3
216 217 3
177 218 3
179 221 3
180 221 3
180 222 3
181 222 3
183 224 3
184 225 3
185 225 3
185 226 3
187 269 2
193 234 2
164 207 3
166 209 3
172 214 2
217 218 3
141 224 0
225 226 3
186 226 3
186 227 3
229 269 3
232 233 0
233 234 3
198 280 0
132 255 3
179 220 3
189 230 0
193 276 0
194 276 0
278 280 3
199 282 0
200 282 0
166 208 3
129 209 3
214 255 3
215 255 3
218 219 3
219 220 3
220 221 3
221 222 3
183 225 3
226 227 3
188 230 3
234 276 0
275 276 3
195 276 0
199 322 0
122 200 1
208 209 3
170 211 3
211 212 3
223 224 3
198 322 0
207 208 3
222 223 3
224 225 3
187 227 1
121 325 3
129 211 3
213 214 2
122 282 2
164 248 1
207 248 1
229 352 3
196 276 0
277 278 3
121 327 3
205 247 3
216 256 3
196 278 0
282 322 3
205 246 3
209 251 3
129 251 3
215 256 3
216 258 3
217 258 3
276 278 3
280 322 3
246 247 3
255 256 3
232 273 0
189 231 1
231 272 3
233 273 1
122 283 1
247 248 2
216 257 3
224 266 3
225 266 3
232 272 3
278 279 3
283 284 0
248 329 1
213 255 3
256 257 3
222 264 3
224 264 3
276 277 3
121 284 1
205 248 1
247 329 3
208 249 3
211 252 3
212 255 3
257 258 3
219 260 3
222 263 3
223 264 3
279 280 3
282 283 3
122 284 1
209 250 3
212 252 3
218 258 3
218 259 3
218 260 3
220 260 3
221 263 3
226 267 3
269 352 3
189 272 2
233 274 2
234 274 1
234 275 1
208 250 3
250 251 3
259 260 3
220 261 3
221 261 3
263 264 3
224 265 3
225 267 3
227 268 3
187 268 1
274 275 3
325 327 3
207 249 3
212 253 3
260 261 3
221 262 3
265 266 3
268 269 3
273 274 3
252 334 1
261 262 3
262 263 3
264 265 3
284 325 0
252 253 3
258 259 3
227 267 3
272 354 2
248 249 2
249 250 3
129 252 3
253 255 3
268 309 3
230 271 0
189 271 0
248 250 2
251 252 3
253 334 3
266 267 3
267 306 3
267 268 3
271 272 1
275 277 3
277 279 3
277 317 3
256 297 3
272 273 0
273 315 3
255 297 3
265 306 3
188 271 0
272 315 0
317 319 3
277 319 3
280 319 3
257 297 3
260 301 3
229 271 0
283 325 0
258 299 3
263 304 3
264 304 3
267 309 3
275 317 3
319 322 2
252 292 3
259 299 3
259 301 3
309 350 3
274 317 3
248 330 2
250 252 3
292 334 1
253 335 3
253 337 3
261 301 3
274 315 3
283 364 3
329 330 0
258 297 3
306 309 3
315 317 3
279 319 3
299 301 3
354 355 0
315 354 1
253 297 3
297 299 3
261 304 3
262 304 3
306 349 3
271 353 2
250 330 3
253 336 3
336 337 3
301 304 3
265 267 3
315 355 1
334 335 3
297 337 3
264 306 3
306 350 3
269 309 3
325 365 3
327 366 3
247 328 3
250 331 3
250 292 3
304 306 3
306 346 3
309 352 3
315 396 2
315 357 3
317 357 3
317 358 3
317 359 3
319 359 3
330 331 3
292 331 3
292 332 3
292 333 3
335 336 3
299 340 3
301 341 3
301 342 3
306 348 3
355 396 0
319 361 3
328 329 3
297 338 3
301 340 3
304 345 3
304 346 3
346 348 3
349 350 3
319 362 3
364 365 2
365 366 3
332 333 3
337 338 3
299 339 3
340 341 3
271 354 1
315 356 3
282 364 3
366 408 2
333 334 1
299 338 3
339 340 3
342 345 3
345 346 3
309 351 3
271 352 1
353 354 2
354 395 0
356 396 2
357 358 3
358 359 3
361 362 3
319 363 3
322 363 2
282 363 2
341 342 3
351 352 2
352 353 0
356 357 3
319 360 3
362 363 3
363 364 3
338 339 3
348 349 3
350 351 3
359 360 3
329 370 3
360 361 3
330 370 1
331 332 3
353 394 3
352 394 3
366 409 2
365 407 3
329 369 3
346 387 3
365 406 1
408 409 2
328 369 1
337 377 3
406 407 3
333 374 3
333 375 3
335 376 3
336 376 3
353 395 3
369 370 3
374 375 3
334 375 3
345 386 3
365 408 1
342 384 3
345 384 3
346 386 2
346 388 3
348 388 3
348 389 3
349 390 3
350 390 3
364 405 3
330 371 3
331 372 3
332 372 3
335 375 3
336 377 3
340 382 3
341 382 3
345 385 3
386 387 3
388 389 3
349 389 3
351 392 3
357 398 3
358 398 3
363 405 3
370 371 3
332 374 3
375 376 3
338 380 2
339 380 3
341 383 3
384 385 3
385 386 3
387 388 3
350 391 3
350 392 3
356 397 3
360 401 3
331 371 3
376 377 3
377 379 3
342 383 3
389 390 3
391 392 3
352 393 3
396 397 2
358 399 3
359 399 3
361 401 3
364 406 3
337 379 2
338 379 3
340 380 3
382 383 3
383 384 3
351 393 3
393 394 3
356 398 3
398 399 3
405 406 3
371 372 3
332 373 3
379 380 3
390 391 3
397 398 3
372 373 3
373 374 3
340 422 3
394 395 2
360 399 3
380 422 3
382 422 3
354 396 2
383 423 3
392 393 3
401 443 2
362 401 1
401 403 2
362 403 1
382 423 3
354 436 3
396 437 2
362 445 1
363 445 1
363 446 3
386 427 3
387 427 3
436 437 2
403 443 1
403 445 2
445 446 0
405 446 3
407 408 1
376 418 3
377 418 3
395 436 3
408 448 2
379 419 3
399 441 3
360 441 3
407 448 1
371 412 3
372 412 3
377 419 3
379 420 3
401 441 3
409 450 1
373 415 3
374 415 3
419 420 3
380 420 3
380 421 3
399 440 3
405 447 3
406 447 3
375 415 3
418 419 3
387 428 3
388 428 3
388 430 3
389 430 3
389 431 3
390 431 3
392 433 2
440 441 3
401 442 3
448 449 3
408 449 2
370 410 3
372 413 3
373 413 3
375 416 3
375 417 3
376 417 3
384 425 3
385 425 3
430 431 3
394 435 2
398 439 3
408 450 1
369 410 3
371 410 3
415 416 3
417 418 3
420 421 3
427 428 3
393 433 0
395 435 2
397 439 3
399 439 3
446 447 3
407 447 3
383 425 3
385 427 3
391 431 3
397 437 2
442 443 3
449 450 0
328 410 3
412 413 3
416 417 3
385 467 3
428 430 3
393 435 3
435 436 2
439 440 3
422 423 3
427 467 3
441 442 3
403 485 1
447 448 3
421 422 3
445 485 3
410 412 3
413 415 3
397 438 3
438 439 3
412 453 3
413 453 3
425 467 3
392 431 3
437 438 2
413 455 3
393 475 1
410 452 3
412 452 3
415 455 3
423 466 3
383 466 3
425 466 3
467 468 3
427 468 3
428 470 3
430 470 3
431 473 3
392 473 1
433 474 1
435 475 3
443 484 3
443 485 1
427 469 3
428 469 3
433 473 1
474 475 3
442 484 3
445 486 3
328 451 1
410 451 1
423 463 3
485 486 3
415 456 3
416 456 3
418 459 3
422 463 3
423 465 3
465 466 3
446 486 3
446 487 3
419 459 3
421 462 3
473 474 3
435 477 1
436 477 1
438 479 3
440 481 3
441 482 3
442 482 3
447 488 3
448 488 2
451 452 3
420 462 3
421 463 3
468 469 3
469 470 3
437 477 2
437 479 1
439 481 3
486 487 3
448 489 3
450 491 1
420 461 3
463 465 3
440 482 3
447 487 3
449 489 3
417 459 3
419 461 3
461 462 3
430 471 3
481 482 3
449 491 0
455 456 3
417 458 3
470 471 3
442 483 3
488 489 3
452 453 3
416 458 3
458 459 3
462 463 3
431 471 3
477 479 2
482 483 3
483 484 3
487 488 3
456 458 3
459 461 3
471 473 3
477 519 3
479 519 2
439 479 1
453 455 3
475 477 3
465 505 3
466 467 3
449 531 3
475 517 3
484 485 3
491 531 3
473 514 3
477 517 3
439 521 3
489 531 3
474 514 3
475 516 3
481 521 3
459 501 3
461 501 3
461 502 3
462 502 3
463 505 3
467 508 3
471 512 3
471 513 3
473 513 3
474 516 3
477 518 3
451 493 3
452 493 3
455 496 3
456 498 3
456 499 3
458 499 3
465 506 3
466 506 3
466 508 3
468 510 3
469 510 3
517 518 3
518 519 3
479 521 3
481 522 3
484 526 3
453 493 3
456 496 3
459 500 3
467 509 3
468 509 3
513 514 3
474 515 3
482 523 3
485 526 3
487 529 3
488 529 3
451 492 3
455 495 3
458 500 3
462 503 3
463 504 3
470 511 3
514 515 3
516 517 3
521 522 3
483 523 3
491 532 3
492 493 3
453 495 3
495 496 3
496 498 3
500 501 3
503 504 3
504 505 3
508 509 3
510 511 3
471 511 3
512 513 3
485 527 2
486 527 3
498 499 3
501 502 3
502 503 3
505 506 3
509 510 3
515 516 3
488 530 3
489 530 3
531 532 3
506 508 3
511 512 3
519 521 3
481 523 3
487 527 3
530 531 3
493 495 3
499 500 3
526 527 3
519 561 3
522 523 3
483 526 3
527 529 3
521 561 3
529 530 3
519 560 3
529 569 3
506 548 3
560 561 3
483 566 3
523 566 3
527 569 3
496 537 3
498 538 3
508 548 3
526 566 3
495 534 3
498 539 3
511 553 3
512 553 3
517 558 3
523 565 3
565 566 3
526 568 3
527 568 3
496 538 3
500 541 3
501 542 3
505 546 3
518 558 3
492 534 3
493 534 3
534 536 3
538 539 3
500 542 3
508 549 3
509 550 3
529 571 3
530 571 3
492 533 3
495 536 3
499 539 3
501 543 3
502 543 3
503 544 3
504 545 3
508 550 3
514 556 3
516 557 3
518 559 3
522 563 3
523 564 3
532 573 3
533 534 3
496 536 3
537 538 3
499 541 3
503 543 3
504 544 3
505 545 3
506 546 3
548 549 3
513 553 3
515 556 3
515 557 3
516 558 3
558 559 3
559 560 3
521 562 3
523 563 3
564 565 3
531 571 3
531 572 3
532 572 3
536 537 3
539 541 3
543 544 3
545 546 3
510 551 3
511 551 3
513 554 3
563 564 3
541 542 3
546 548 3
549 550 3
509 551 3
553 554 3
513 556 3
561 562 3
521 563 3
542 543 3
562 563 3
571 572 3
544 545 3
550 551 3
554 556 3
556 557 3
557 558 3
568 569 3
572 573 3
529 611 3
571 611 3
539 582 3
511 593 3
566 608 3
566 568 3
533 574 3
534 574 3
541 582 3
551 593 3
553 593 3
568 608 3
569 611 3
538 579 3
539 579 3
553 594 3
554 594 3
554 596 3
556 596 3
565 607 3
566 607 3
539 580 3
545 585 3
607 608 3
536 576 3
579 580 3
580 582 3
541 583 3
542 583 3
544 585 3
548 589 3
549 590 3
550 590 3
556 597 3
557 597 3
558 599 3
559 601 3
560 601 3
562 603 3
563 604 3
568 609 3
569 609 3
569 610 3
571 612 3
572 612 3
534 576 3
536 577 3
537 577 3
550 592 3
551 592 3
593 594 3
557 598 3
557 599 3
561 602 3
561 603 3
603 604 3
564 605 3
564 606 3
565 606 3
609 610 3
610 611 3
611 612 3
573 614 3
576 577 3
582 622 3
543 584 3
546 587 3
548 629 3
549 589 3
596 597 3
598 599 3
559 599 3
601 602 3
563 605 3
572 614 3
538 577 3
580 622 3
543 583 3
544 584 3
548 587 3
589 629 3
597 598 3
606 607 3
608 609 3
545 587 3
587 629 3
592 593 3
602 603 3
604 605 3
605 606 3
574 576 3
582 583 3
589 590 3
599 601 3
583 584 3
584 585 3
601 641 3
577 619 3
538 619 3
590 592 3
594 636 3
554 636 3
576 617 3
580 621 3
590 632 3
592 632 3
599 641 3
572 654 3
577 617 3
585 627 3
545 627 3
589 630 3
596 636 3
612 654 3
614 654 3
576 616 3
587 627 3
590 630 3
574 615 3
574 616 3
585 626 3
592 633 3
593 633 3
594 635 3
608 650 3
615 616 3
538 620 3
579 620 3
582 623 3
583 624 3
626 627 3
590 631 3
631 632 3
593 635 3
635 636 3
596 637 3
597 637 3
597 639 3
598 639 3
599 640 3
602 643 3
603 643 3
607 649 3
608 649 3
609 650 3
580 620 3
622 623 3
584 624 3
584 626 3
587 628 3
593 634 3
640 641 3
601 642 3
606 647 3
610 652 3
611 652 3
611 653 3
612 653 3
614 655 3
619 620 3
621 622 3
629 630 3
632 633 3
633 634 3
634 635 3
637 638 3
597 638 3
642 643 3
605 646 3
607 647 3
649 650 3
654 655 3
616 617 3
617 619 3
620 621 3
627 628 3
598 640 3
641 642 3
603 645 3
604 645 3
604 646 3
606 646 3
610 650 3
653 654 3
628 629 3
636 637 3
638 639 3
643 645 3
607 648 3
583 623 3
624 666 3
584 666 3
639 640 3
646 647 3
647 648 3
648 649 3
652 653 3
623 624 3
626 666 3
630 631 3
645 646 3
621 661 3
620 661 3
629 670 3
630 670 3
650 652 3
638 679 3
616 657 3
617 657 3
637 679 3
641 682 3
652 734 3
619 661 3
623 664 3
627 668 3
642 682 3
642 683 3
643 685 3
645 685 3
650 692 0
617 659 3
622 664 3
626 668 3
632 674 3
635 676 3
643 683 3
643 684 3
645 686 3
652 692 3
615 656 3
658 659 3
619 659 3
619 660 3
626 667 3
628 668 3
628 670 3
630 671 3
633 674 3
633 675 3
634 675 3
636 676 3
640 681 3
646 686 3
646 687 3
649 731 3
653 694 3
654 694 3
655 696 3
616 656 3
660 661 3
621 664 3
666 667 3
630 672 3
631 672 3
635 675 3
636 677 3
639 681 3
640 682 3
684 685 3
647 687 3
649 691 3
650 691 3
652 694 3
654 695 3
654 696 3
624 665 3
667 668 3
670 671 3
671 672 3
676 677 3
638 680 3
639 680 3
681 682 3
685 686 3
648 689 3
648 731 3
691 692 3
694 734 3
695 696 3
657 658 3
617 658 3
623 665 3
672 674 3
675 676 3
683 684 3
661 702 3
621 702 3
621 663 3
663 664 3
665 666 3
669 670 3
680 681 3
648 687 1
689 731 3
692 734 2
659 660 3
628 669 3
679 680 3
682 683 3
687 689 3
694 695 3
656 657 3
663 702 3
637 677 3
686 687 3
664 665 3
668 669 3
674 675 3
691 731 3
660 701 3
661 701 3
701 702 3
674 714 3
687 728 3
687 729 3
658 698 3
665 706 3
677 719 3
637 719 3
686 728 3
657 698 3
664 705 3
666 707 3
667 707 3
667 709 3
668 709 3
669 709 3
670 711 3
672 714 3
677 759 3
663 705 3
679 719 3
679 721 3
680 721 3
680 722 3
681 722 3
683 724 3
684 724 3
689 729 1
689 730 3
696 737 3
665 705 3
666 706 3
671 711 3
674 715 3
675 716 3
719 759 3
679 720 3
730 731 3
692 733 2
656 697 3
656 698 3
659 700 3
702 744 3
706 707 3
669 711 3
711 712 3
671 712 3
714 715 3
674 716 3
676 716 3
677 717 3
720 721 3
681 723 3
682 723 3
686 727 3
733 734 3
694 735 3
697 698 3
705 706 3
671 713 3
672 713 3
715 716 3
717 759 3
719 720 3
683 723 3
685 727 3
727 728 3
728 729 2
692 732 1
734 735 3
695 736 3
695 737 3
660 700 3
713 714 3
721 722 3
685 767 3
729 730 0
731 732 3
732 733 0
695 735 3
667 749 3
676 717 3
722 723 3
684 767 3
735 736 3
700 701 3
707 749 3
709 749 3
712 713 3
736 737 3
716 717 3
727 767 2
663 744 3
723 724 3
658 700 0
663 745 3
705 745 3
684 766 1
724 766 2
698 739 3
658 739 3
744 745 3
669 751 3
717 758 3
719 760 3
732 773 2
658 740 3
700 740 3
711 751 3
720 760 3
739 740 3
705 746 3
706 747 3
709 750 3
669 750 3
723 764 3
728 770 2
730 772 3
733 735 3
697 738 3
698 738 3
706 746 3
715 756 3
721 763 3
722 763 3
724 764 3
727 768 3
730 770 1
731 772 3
736 777 3
700 741 3
745 746 3
707 748 3
749 750 3
716 756 3
716 757 3
721 762 3
724 765 3
766 767 3
728 768 3
729 770 3
732 772 2
737 777 3
700 742 3
701 742 3
746 747 3
706 748 3
748 749 3
750 751 3
717 757 3
765 766 0
733 774 3
737 778 3
702 742 3
743 744 3
712 753 3
714 756 3
759 760 3
720 761 3
762 763 3
767 768 1
732 774 3
733 775 3
735 775 3
735 777 3
777 778 3
702 743 3
747 748 3
711 753 3
723 763 3
764 765 3
772 773 3
775 777 3
740 741 3
741 742 3
742 743 3
713 753 3
756 757 3
758 759 3
760 761 3
720 762 3
763 764 3
728 811 3
774 775 3
738 739 3
753 795 3
713 795 3
757 758 3
761 762 3
770 811 3
772 813 1
773 774 3
713 756 3
730 812 1
772 812 1
750 792 3
751 792 3
756 797 3
757 797 3
767 808 1
770 812 0
745 786 3
713 796 3
759 799 3
768 811 3
756 796 3
758 799 3
763 804 3
768 808 2
768 809 1
768 810 1
810 811 2
751 793 3
711 793 3
762 804 2
777 817 3
746 787 3
747 787 3
749 790 3
792 793 3
753 794 3
795 796 3
808 809 0
773 813 1
775 817 3
738 779 0
741 782 3
744 786 3
747 789 3
748 789 3
748 790 3
750 790 3
711 794 3
763 805 3
764 805 3
765 805 2
773 814 3
739 779 0
739 780 3
740 780 3
742 782 3
742 784 3
747 788 3
766 807 2
740 822 3
743 784 3
787 788 3
793 794 3
757 798 3
760 802 3
765 807 1
812 813 3
813 814 3
780 822 3
746 786 3
789 790 3
796 797 3
797 798 3
759 802 0
805 847 1
767 807 0
778 819 3
758 798 3
804 805 0
765 847 1
774 816 3
775 816 3
816 817 3
777 819 3
779 780 1
740 782 3
786 787 3
788 789 3
761 802 3
807 847 2
809 810 2
811 812 3
773 816 3
743 786 3
750 832 3
794 795 3
799 802 0
762 802 3
762 845 1
804 845 3
807 808 1
782 784 3
790 832 3
792 832 3
799 841 3
773 856 3
792 833 3
793 833 3
798 799 3
807 848 1
814 856 3
740 823 3
743 826 3
811 852 3
816 856 3
822 823 3
782 823 3
782 824 3
784 826 3
795 836 3
797 838 3
802 842 1
802 845 1
784 824 3
796 836 3
796 838 3
798 840 3
798 841 3
799 842 3
810 852 2
817 819 3
789 830 3
793 834 3
794 835 3
795 835 3
840 841 3
841 842 3
808 848 2
817 859 3
786 826 3
788 829 3
790 830 3
833 834 3
794 834 3
812 853 3
816 857 3
817 857 3
787 829 3
832 833 3
802 885 1
811 853 3
813 854 3
857 859 3
819 859 3
779 820 1
780 820 3
786 828 3
787 828 3
789 829 3
790 831 3
835 836 3
802 843 1
809 848 1
813 853 3
819 860 3
828 829 3
829 830 3
830 831 3
834 835 3
797 840 3
843 885 3
845 885 3
809 851 3
814 854 3
823 824 3
831 832 3
836 838 3
838 878 3
842 843 3
805 845 3
810 851 3
852 853 3
823 865 3
824 865 3
836 878 3
838 840 3
840 879 3
809 890 1
809 891 1
851 891 1
853 854 3
859 860 3
780 862 3
824 826 3
838 879 3
820 862 3
822 862 3
840 880 3
845 887 3
848 890 3
851 852 3
826 828 3
879 880 3
840 881 3
805 887 2
890 891 3
856 857 3
826 867 3
828 867 3
828 869 3
880 881 3
845 886 3
847 848 3
814 897 0
824 866 3
847 887 3
852 893 3
814 896 0
896 897 3
856 897 3
822 863 3
823 863 3
829 870 3
830 870 3
830 871 3
831 871 3
841 881 3
884 885 3
885 886 3
848 889 3
854 896 3
862 863 3
867 869 3
835 876 3
835 877 3
836 877 3
841 882 3
842 882 3
843 884 3
848 887 3
889 890 3
857 898 3
860 901 3
826 866 3
828 870 3
832 873 3
833 874 3
834 876 3
853 896 3
856 898 3
859 898 3
859 901 3
820 861 3
870 871 3
831 873 3
832 874 3
848 929 3
851 893 3
853 893 3
859 940 3
901 940 3
861 862 3
831 913 3
873 913 3
873 874 3
834 874 3
876 877 3
877 878 3
886 887 3
887 929 3
897 898 3
869 870 3
878 879 3
889 929 3
863 865 3
865 866 3
866 867 3
834 916 3
874 916 3
876 916 3
851 933 3
893 933 3
853 894 3
894 896 3
898 940 3
891 932 3
851 932 1
893 894 3
940 941 3
862 903 3
881 882 3
843 882 3
863 903 3
866 908 3
893 935 3
894 935 3
867 908 3
867 909 3
869 909 3
871 912 3
887 928 3
863 905 3
869 910 3
870 910 3
871 913 3
877 919 3
878 919 3
879 919 3
885 927 3
886 927 3
886 928 3
932 933 3
863 904 3
865 906 3
928 929 3
890 932 3
903 904 3
865 905 3
866 906 3
866 907 3
907 908 3
880 922 3
881 922 3
882 884 3
897 938 3
901 942 3
876 917 3
877 917 3
885 925 3
897 939 3
898 939 3
940 942 3
861 902 3
862 902 3
904 905 3
908 909 3
873 915 3
874 915 3
877 918 3
879 920 3
880 921 3
882 923 3
884 925 3
894 936 1
938 939 0
939 940 3
941 942 3
902 903 3
905 906 3
906 907 3
909 910 3
915 916 3
916 917 3
918 919 3
919 920 3
881 923 3
927 928 3
889 930 3
935 936 3
870 912 3
880 920 3
921 922 3
890 930 3
896 938 0
917 918 3
922 923 3
929 930 3
870 952 3
884 965 3
925 967 3
885 967 3
930 932 3
893 975 3
912 952 3
912 913 3
920 921 3
882 965 3
925 965 3
927 967 3
933 975 3
935 975 3
910 952 3
913 955 3
923 965 3
913 954 3
873 955 3
873 956 3
915 956 3
955 956 3
932 973 3
935 976 3
894 938 0
912 954 3
954 955 3
915 957 3
919 960 3
920 960 3
929 970 3
930 972 3
932 972 3
936 938 0
940 981 3
902 944 3
903 944 3
916 957 3
918 960 3
928 969 3
928 970 3
936 976 3
938 978 1
939 981 3
941 981 3
942 983 3
905 946 3
906 946 3
921 963 3
922 963 3
928 968 3
930 970 3
936 978 3
938 979 3
941 982 3
902 943 3
903 945 3
904 945 3
920 961 3
927 968 3
969 970 3
933 974 3
936 977 3
978 979 3
981 982 3
944 945 3
905 945 3
907 948 3
908 950 3
909 950 3
909 951 3
910 951 3
956 957 3
917 957 3
917 958 3
918 958 3
921 961 3
968 969 3
970 971 3
930 971 3
972 973 3
975 976 3
942 982 3
943 944 3
906 948 3
951 952 3
918 959 3
960 961 3
932 974 3
974 975 3
976 977 3
939 979 3
908 948 3
959 960 3
923 963 3
945 946 3
952 954 3
958 959 3
921 1003 3
948 950 3
963 1003 3
971 972 3
973 974 3
954 994 3
923 1005 3
965 1005 3
965 967 3
982 983 3
946 948 3
950 951 3
952 994 3
957 958 3
963 1005 3
977 978 3
939 1022 3
981 1022 3
970 1011 3
979 1022 3
951 992 1
994 995 3
954 995 3
959 1001 3
960 1001 3
961 1002 3
965 1006 3
967 1008 3
967 968 3
969 1011 3
948 990 3
950 990 3
952 993 3
960 1002 3
1005 1006 3
967 1006 3
979 1020 3
1020 1022 3
948 989 3
952 992 1
993 994 3
955 996 3
956 997 3
957 997 3
969 1010 3
945 986 3
989 990 3
955 995 3
956 996 3
957 998 3
958 998 3
959 1000 3
963 1004 3
968 1010 3
1010 1011 3
975 1016 3
976 1016 3
982 1023 3
983 1024 3
943 984 3
944 985 3
945 987 3
946 987 3
992 993 3
996 997 3
958 1000 3
1000 1001 3
921 1002 3
1003 1004 3
1004 1005 3
968 1008 3
968 1009 3
971 1012 3
972 1012 3
974 1016 3
976 1017 3
978 1019 3
981 1023 3
982 1024 3
984 985 3
945 985 3
946 989 3
995 996 3
971 1011 3
973 1014 3
1016 1017 3
977 1017 3
977 1019 3
1023 1024 3
985 986 3
986 987 3
950 992 3
997 998 3
1001 1002 3
974 1014 3
987 989 3
1002 1003 3
1006 1008 3
1009 1010 3
972 1014 3
979 1019 3
1019 1020 3
1022 1023 3
1008 1009 3
1011 1012 3
1012 1014 3
