0 1 3
1 2 3
2 3 3
3 4 3
4 5 1
5 6 1
6 7 3
7 8 3
8 9 3
9 10 3
10 11 3
11 12 3
12 13 3
13 14 1
14 15 2
15 16 0
16 17 3
17 18 3
18 19 3
19 20 3
20 21 3
21 22 3
22 23 3
23 24 3
24 25 1
25 26 0
26 27 3
27 28 3
28 29 3
29 30 3
30 31 3
31 32 3
32 33 3
33 34 0
34 35 1
35 36 1
36 37 0
37 38 3
38 39 3
6 46 3
26 66 1
37 77 3
0 40 3
1 41 3
2 42 3
3 43 3
4 44 3
5 45 0
5 46 1
7 47 3
8 48 3
9 49 3
10 50 3
11 51 3
12 52 3
13 53 3
14 54 3
15 55 0
16 56 3
17 57 3
18 58 3
19 59 1
20 60 0
21 61 0
22 62 0
23 63 0
24 64 0
25 65 3
25 66 0
27 67 1
28 68 1
29 69 1
30 70 1
31 71 1
32 72 1
33 73 1
34 74 1
35 75 0
36 76 3
38 77 3
39 79 3
40 41 3
41 42 3
42 43 3
43 44 3
44 45 3
46 47 3
47 48 3
48 49 3
49 50 3
50 51 3
51 52 3
52 53 3
53 54 1
54 55 2
55 56 3
56 57 3
57 58 3
58 59 1
59 60 0
60 61 3
61 62 3
62 63 3
63 64 0
64 65 1
66 67 3
67 68 3
68 69 3
69 70 3
70 71 0
71 72 3
72 73 1
73 74 0
74 75 0
75 76 1
37 76 1
45 46 3
65 66 0
76 77 0
39 77 3
39 118 3
79 118 3
77 118 3
77 117 3
117 118 3
59 99 3
40 80 3
41 81 3
42 82 3
43 83 3
44 84 3
45 85 3
46 86 3
47 87 3
48 88 3
49 89 3
50 90 3
51 91 3
52 92 3
53 93 3
54 94 0
55 95 0
56 96 0
57 97 0
58 98 0
60 100 1
61 101 1
62 102 1
63 103 1
64 104 1
65 105 0
66 106 1
67 107 1
68 108 1
69 109 1
70 110 1
71 111 1
72 112 3
73 113 1
74 114 0
75 115 1
76 116 3
77 116 1
80 81 3
81 82 3
82 83 3
83 84 3
84 85 3
45 86 3
86 87 3
87 88 3
88 89 3
89 90 3
90 91 3
91 92 3
92 93 3
93 94 3
94 95 3
95 96 3
96 97 3
97 98 3
98 99 1
99 100 2
100 101 0
101 102 3
102 103 1
103 104 0
104 105 3
105 106 3
106 107 3
107 108 3
108 109 3
109 110 3
110 111 3
111 112 0
112 113 1
113 114 3
114 115 0
115 116 1
116 117 0
79 119 3
118 119 3
85 86 3
118 158 3
102 142 0
117 158 3
80 120 3
81 121 3
82 122 3
83 123 3
84 124 3
85 125 3
86 126 3
87 127 3
88 128 3
89 129 0
90 130 3
91 131 3
92 132 3
93 133 3
94 134 3
95 135 3
96 136 0
97 137 3
98 138 3
99 139 0
100 140 0
101 141 3
103 142 0
103 143 2
104 144 0
105 145 0
106 146 0
107 147 0
108 148 0
109 149 0
110 150 0
111 151 0
112 152 1
113 153 0
114 154 0
115 155 0
116 156 0
117 157 3
119 158 3
119 159 1
120 121 3
121 122 3
122 123 3
123 124 3
124 125 3
85 126 3
126 127 3
127 128 3
128 129 0
129 130 1
130 131 3
131 132 3
132 133 3
133 134 3
134 135 3
135 136 0
136 137 1
137 138 3
138 139 3
139 140 3
140 141 3
141 142 0
104 143 1
144 145 3
145 146 3
146 147 3
147 148 3
148 149 3
149 150 3
150 151 3
151 152 3
152 153 3
153 154 3
154 155 3
155 156 3
116 157 0
142 143 1
143 144 0
157 158 3
158 159 1
125 126 3
156 157 3
157 197 3
126 166 3
158 197 3
126 165 2
125 165 2
120 160 3
121 161 3
122 162 0
123 163 3
124 164 3
127 167 0
128 168 3
129 169 1
130 170 3
131 171 3
132 172 3
133 173 3
134 174 3
135 175 3
136 176 1
137 177 3
138 178 3
139 179 3
140 180 3
141 181 3
142 182 1
143 183 0
143 184 0
144 184 1
145 185 1
146 186 1
147 187 1
148 188 1
149 189 1
150 190 1
151 191 1
152 192 1
153 193 1
154 194 1
155 195 1
156 195 1
159 199 0
160 161 3
161 162 0
162 163 1
163 164 3
164 165 0
165 166 1
166 167 0
167 168 1
168 169 3
169 170 3
170 171 3
171 172 3
172 173 3
173 174 3
174 175 3
175 176 3
176 177 3
177 178 3
178 179 3
179 180 3
180 181 3
181 182 3
182 183 3
184 185 3
185 186 3
186 187 3
187 188 3
188 189 3
189 190 3
190 191 3
191 192 3
192 193 3
193 194 3
194 195 3
156 197 3
158 199 3
183 184 3
156 196 1
195 196 3
196 197 0
158 238 3
199 238 3
197 238 3
197 237 3
237 238 3
196 237 0
160 200 3
161 201 3
162 202 1
163 203 3
164 204 3
165 205 1
166 206 3
167 207 1
168 208 3
169 209 3
170 210 3
171 211 3
172 212 3
173 213 3
174 214 3
175 215 3
176 216 3
177 217 1
178 218 1
179 219 3
180 220 3
181 221 3
182 222 3
183 223 3
184 224 3
185 225 3
186 226 3
187 227 3
188 228 3
189 229 3
190 230 3
191 231 3
192 232 3
193 233 3
194 234 3
195 235 3
196 236 0
199 239 1
200 201 3
201 202 3
202 203 3
203 204 3
204 205 3
205 206 3
206 207 0
207 208 1
208 209 3
209 210 3
210 211 3
211 212 3
212 213 3
213 214 3
214 215 3
215 216 3
216 217 1
217 218 3
218 219 0
219 220 3
220 221 3
221 222 3
222 223 3
223 224 3
224 225 3
225 226 3
226 227 3
227 228 3
228 229 3
229 230 3
230 231 3
231 232 3
232 233 3
233 234 3
234 235 3
235 236 0
238 239 1
236 237 0
237 277 3
236 277 0
238 277 3
200 240 1
201 241 1
202 242 1
203 243 0
204 244 1
205 245 1
206 246 1
207 247 1
208 248 1
209 249 1
210 250 1
211 251 1
212 252 1
213 253 1
214 254 1
215 255 1
216 256 1
217 257 0
218 258 0
219 259 1
220 260 1
221 261 1
222 262 1
223 263 1
224 264 1
225 265 1
226 266 0
227 267 0
228 268 0
229 269 0
230 270 0
231 271 0
232 272 0
233 273 0
234 274 0
235 275 0
236 276 0
239 279 0
240 241 3
241 242 3
242 243 0
243 244 1
244 245 3
245 246 3
246 247 3
247 248 3
248 249 3
249 250 3
250 251 3
251 252 3
252 253 3
253 254 3
254 255 3
255 256 3
256 257 3
257 258 3
258 259 0
259 260 3
260 261 3
261 262 3
262 263 3
263 264 3
264 265 3
265 266 0
266 267 3
267 268 3
268 269 3
269 270 3
270 271 3
271 272 3
272 273 3
273 274 3
274 275 3
275 276 3
276 277 3
239 278 0
238 278 3
278 279 3
277 278 3
252 292 0
251 292 0
277 317 3
276 317 3
259 299 0
260 299 0
278 319 3
279 319 3
240 280 0
241 281 0
242 282 0
243 283 3
244 284 0
245 285 0
246 286 0
247 287 0
248 288 0
249 289 0
250 290 0
251 291 0
253 292 0
253 293 0
254 294 0
255 295 0
256 296 0
257 297 0
258 298 0
260 300 0
261 301 0
262 302 3
263 303 3
264 304 3
265 305 3
266 306 0
267 307 0
268 308 0
269 309 0
270 310 0
271 311 0
272 312 0
273 313 0
274 314 0
275 315 0
275 316 3
276 316 3
280 281 3
281 282 0
282 283 2
283 284 3
284 285 3
285 286 3
286 287 3
287 288 3
288 289 3
289 290 3
290 291 3
291 292 3
293 294 3
294 295 3
295 296 3
296 297 3
297 298 3
298 299 3
299 300 3
300 301 3
301 302 1
302 303 3
303 304 3
304 305 3
305 306 0
306 307 3
307 308 3
308 309 3
309 310 3
310 311 3
311 312 3
312 313 3
313 314 0
314 315 0
315 316 1
277 318 3
278 318 3
292 293 3
317 318 3
316 317 3
318 319 3
292 332 1
293 332 1
291 332 1
310 350 1
311 350 1
280 320 1
281 321 1
282 322 1
283 323 1
284 324 1
285 325 1
286 326 1
287 327 1
288 328 1
289 329 1
290 330 1
291 331 1
293 333 1
294 334 1
295 335 1
296 336 1
297 337 1
298 338 1
299 339 1
300 340 1
301 341 1
302 342 0
303 343 0
304 344 0
305 345 0
306 346 1
307 347 1
308 348 1
309 349 1
311 351 1
312 352 1
313 353 1
314 354 1
315 355 1
316 355 3
316 356 3
317 357 3
319 359 3
320 321 3
321 322 3
322 323 3
323 324 3
324 325 3
325 326 3
326 327 1
327 328 3
328 329 0
329 330 3
330 331 3
331 332 3
332 333 3
333 334 1
334 335 0
335 336 3
336 337 3
337 338 3
338 339 3
339 340 3
300 341 1
341 342 3
342 343 3
343 344 3
344 345 3
345 346 3
346 347 3
347 348 3
348 349 3
310 349 1
351 352 3
352 353 3
353 354 0
354 355 3
356 357 3
318 357 3
318 359 3
350 351 3
355 356 3
340 341 3
349 350 3
318 398 3
357 398 3
359 398 3
356 396 1
359 399 3
398 399 3
320 360 0
321 361 0
322 362 0
323 363 0
324 364 0
325 365 0
326 366 0
327 367 3
328 368 3
329 369 1
330 370 1
331 371 1
332 372 1
333 373 1
334 374 3
335 375 0
336 376 0
337 377 0
338 378 0
339 379 0
340 380 0
341 381 0
342 382 0
343 383 0
344 384 0
345 385 0
346 386 0
347 387 0
348 388 0
349 389 0
350 390 0
351 391 0
352 392 0
353 393 0
354 394 0
355 395 1
360 361 3
361 362 3
362 363 3
363 364 3
364 365 3
365 366 3
366 367 1
367 368 3
368 369 3
369 370 3
370 371 3
371 372 3
372 373 3
373 374 1
374 375 0
375 376 3
376 377 3
377 378 3
378 379 3
379 380 3
380 381 3
381 382 3
382 383 3
383 384 3
384 385 3
385 386 3
386 387 3
387 388 3
388 389 3
389 390 3
390 391 3
391 392 3
392 393 3
393 394 3
394 395 1
395 396 3
357 397 1
356 397 1
396 397 3
397 398 0
399 439 3
395 435 3
396 435 3
398 439 3
362 402 3
362 403 3
363 403 3
363 404 3
364 404 3
360 400 3
361 401 0
361 402 3
402 403 3
365 405 3
366 406 1
367 407 1
368 408 0
369 409 0
370 410 0
371 411 0
372 412 0
373 413 0
374 414 0
375 415 2
376 416 2
377 417 2
378 418 2
379 419 2
380 420 2
381 421 2
382 422 2
383 423 2
384 424 2
385 425 2
386 426 1
387 427 1
388 428 2
389 429 2
390 430 1
391 431 2
392 432 2
393 433 2
394 434 2
398 438 3
438 439 3
400 401 0
401 402 1
403 404 3
404 405 3
405 406 1
406 407 0
407 408 0
408 409 1
409 410 3
410 411 3
411 412 3
412 413 3
413 414 3
414 415 3
415 416 3
416 417 3
417 418 3
418 419 3
419 420 3
420 421 3
421 422 3
422 423 3
423 424 3
424 425 3
425 426 1
426 427 2
427 428 0
428 429 3
429 430 1
430 431 0
431 432 3
432 433 3
433 434 3
434 435 1
397 435 2
397 437 0
398 437 1
435 437 3
437 438 0
435 476 3
437 476 3
439 479 3
408 448 0
409 448 0
429 469 1
438 479 3
400 440 1
401 441 1
402 442 1
403 443 1
404 444 1
405 445 1
406 446 2
407 447 3
448 449 0
409 449 1
410 450 1
411 451 1
412 452 1
413 453 1
414 454 1
415 455 1
416 456 1
417 457 1
418 458 1
419 459 1
420 460 1
421 461 1
422 462 1
423 463 1
424 464 1
425 465 1
426 466 1
427 467 1
428 468 1
430 469 1
430 470 1
431 471 1
432 472 1
433 473 1
434 474 1
435 475 3
440 441 3
441 442 3
442 443 3
443 444 3
444 445 3
445 446 3
446 447 0
447 448 1
449 450 3
450 451 3
451 452 3
452 453 3
453 454 3
454 455 3
455 456 3
456 457 3
457 458 3
458 459 3
459 460 3
460 461 3
461 462 3
462 463 3
463 464 3
464 465 3
465 466 3
466 467 3
467 468 3
468 469 3
470 471 3
471 472 0
472 473 3
473 474 3
474 475 3
437 477 3
469 470 1
475 476 3
476 477 3
438 478 3
438 477 1
478 479 3
476 516 3
477 516 3
479 519 1
478 518 3
478 519 1
440 480 0
441 481 0
442 482 0
443 483 0
444 484 0
445 485 0
446 486 2
447 487 2
448 488 0
449 489 3
450 490 3
451 491 3
452 492 3
453 493 3
454 494 3
455 495 3
456 496 3
457 497 3
458 498 3
459 499 3
460 500 3
461 501 3
462 502 3
463 503 3
464 504 3
465 505 3
466 506 3
467 507 3
468 508 3
469 509 3
470 510 0
471 511 2
472 512 3
473 513 3
474 514 3
475 515 3
477 518 0
438 518 3
480 481 3
481 482 3
482 483 3
483 484 0
484 485 1
485 486 1
486 487 0
447 488 2
488 489 3
489 490 3
490 491 3
491 492 3
492 493 3
493 494 3
494 495 3
495 496 3
496 497 3
497 498 3
498 499 3
499 500 3
500 501 3
501 502 3
502 503 3
503 504 3
504 505 3
505 506 3
506 507 3
507 508 3
508 509 3
509 510 3
470 511 2
511 512 0
512 513 3
513 514 3
514 515 3
515 516 3
477 517 0
518 519 1
487 488 3
510 511 1
516 517 2
517 518 2
515 555 3
517 557 3
518 558 3
519 559 1
517 558 2
518 559 3
480 520 0
481 521 0
482 522 0
483 523 0
484 524 3
485 525 0
486 526 0
487 527 0
488 528 0
489 529 0
490 530 0
491 531 0
492 532 0
493 533 0
494 534 0
495 535 0
496 536 0
497 537 0
498 538 0
499 539 0
500 540 0
501 541 0
502 542 0
503 543 0
504 544 0
505 545 0
506 546 0
507 547 3
508 548 3
509 549 0
510 550 0
511 551 0
512 552 0
513 553 3
514 554 3
515 556 3
516 556 3
520 521 3
521 522 3
522 523 3
523 524 3
524 525 3
525 526 3
526 527 3
527 528 3
528 529 3
529 530 3
530 531 3
531 532 3
532 533 3
533 534 3
534 535 3
535 536 3
536 537 3
537 538 3
538 539 3
539 540 3
540 541 3
541 542 3
542 543 3
543 544 3
544 545 3
545 546 3
546 547 1
547 548 3
548 549 0
549 550 3
550 551 3
551 552 3
552 553 1
553 554 3
554 555 3
555 556 3
556 557 2
557 558 0
558 559 3
556 596 3
555 596 3
557 597 3
556 597 3
558 598 3
554 595 0
555 595 3
520 560 1
521 561 1
522 562 1
523 563 1
524 564 1
525 565 1
526 566 1
527 567 1
528 568 1
529 569 1
530 570 1
531 571 1
532 572 1
533 573 1
534 574 1
535 575 1
536 576 1
537 577 1
538 578 1
539 579 1
540 580 1
541 581 1
542 582 1
543 583 1
544 584 1
545 585 1
546 586 1
547 587 3
548 588 3
549 589 1
550 590 1
551 591 1
552 592 1
553 593 0
554 594 0
595 596 3
559 599 1
560 561 3
561 562 3
562 563 3
563 564 3
564 565 3
565 566 3
566 567 3
567 568 1
568 569 0
569 570 1
570 571 3
571 572 3
572 573 0
573 574 3
574 575 3
575 576 3
576 577 3
577 578 3
578 579 3
579 580 3
580 581 3
581 582 3
582 583 3
583 584 3
584 585 3
585 586 3
586 587 3
548 587 3
588 589 0
589 590 3
590 591 3
591 592 3
592 593 0
593 594 1
596 597 3
557 598 0
558 599 1
587 588 3
594 595 3
597 598 0
595 635 2
596 635 1
598 599 1
597 637 2
598 637 1
573 613 1
572 613 3
587 627 2
598 638 3
560 600 0
561 601 1
562 602 1
563 603 1
564 604 1
565 605 2
566 606 1
567 607 1
568 608 3
569 609 1
570 610 3
571 611 3
572 612 3
573 614 1
574 614 1
575 615 3
576 616 3
577 617 0
578 618 0
579 619 0
580 620 0
581 621 0
582 622 0
583 623 0
584 624 0
585 625 0
586 626 0
588 628 0
589 629 3
590 630 3
591 631 3
592 632 3
593 633 1
594 634 2
595 634 2
637 638 0
599 639 0
600 601 1
601 602 0
602 603 3
603 604 1
604 605 0
605 606 1
606 607 1
607 608 3
608 609 3
609 610 3
610 611 3
611 612 3
612 613 3
614 615 0
615 616 3
616 617 0
617 618 3
618 619 0
619 620 1
620 621 3
621 622 0
622 623 1
623 624 3
624 625 3
625 626 3
626 627 1
588 627 2
628 629 3
629 630 3
630 631 3
631 632 3
632 633 0
633 634 1
634 635 3
598 639 3
613 614 3
627 628 0
638 639 3
597 676 3
596 676 3
637 676 1
635 675 2
596 675 1
675 676 0
637 677 2
638 679 1
639 679 1
613 653 0
614 653 0
614 654 3
638 677 2
600 640 1
601 641 0
602 642 2
603 643 2
604 644 0
605 645 2
606 646 0
607 647 0
608 648 0
609 649 0
610 650 0
611 651 0
612 652 0
615 655 0
616 656 0
617 657 0
618 658 0
619 659 1
620 660 0
621 661 0
622 662 1
623 663 0
624 664 0
625 665 0
626 666 0
627 667 0
628 668 0
629 669 0
630 670 0
631 671 0
632 672 0
633 673 0
634 674 0
638 678 3
640 641 1
641 642 1
642 643 3
643 644 3
644 645 3
645 646 0
646 647 3
647 648 3
648 649 3
649 650 3
650 651 3
651 652 3
652 653 3
653 654 1
654 655 0
655 656 3
656 657 3
657 658 3
658 659 3
659 660 3
660 661 3
661 662 3
662 663 3
663 664 3
664 665 3
665 666 3
666 667 3
667 668 3
668 669 3
669 670 3
670 671 3
671 672 3
672 673 3
673 674 1
634 675 2
676 677 0
678 679 1
677 678 3
674 675 1
677 717 1
670 710 3
669 710 3
674 715 1
675 715 0
675 716 0
676 716 2
676 717 3
652 692 1
653 692 1
715 716 3
678 719 3
679 719 0
640 680 0
641 681 1
642 682 2
643 683 2
644 684 2
645 685 1
646 686 1
647 687 1
648 688 1
649 689 1
650 690 1
651 691 1
651 692 1
653 693 1
654 694 0
655 695 1
656 696 1
657 697 1
658 698 1
659 699 1
660 700 1
661 701 1
662 702 1
663 703 1
664 704 1
665 705 1
666 706 3
667 706 3
667 707 1
668 708 1
669 709 1
671 711 1
672 712 1
673 713 1
678 717 1
678 718 3
680 681 3
681 682 3
682 683 3
683 684 3
684 685 2
685 686 0
686 687 3
687 688 3
688 689 3
689 690 3
690 691 3
691 692 3
692 693 3
693 694 3
694 695 3
695 696 3
696 697 3
697 698 1
698 699 0
699 700 3
700 701 3
701 702 3
702 703 3
703 704 3
704 705 3
705 706 0
667 708 1
708 709 0
710 711 1
711 712 0
712 713 3
674 713 0
674 714 1
706 707 1
707 708 3
709 710 0
713 714 1
714 715 3
716 717 3
718 719 3
717 718 0
716 756 3
717 756 3
717 758 0
718 758 2
714 754 3
719 758 2
680 720 3
681 721 3
682 722 3
683 723 3
684 724 3
685 725 0
686 726 3
687 727 3
688 728 3
689 729 3
690 730 3
691 731 3
692 732 3
693 733 3
694 734 3
695 735 3
696 736 3
697 737 3
698 738 3
699 739 3
700 740 3
701 741 3
702 742 3
703 743 3
704 744 3
705 745 3
706 746 1
707 747 3
708 748 3
709 749 0
710 750 1
711 751 0
712 752 1
713 753 1
715 754 3
719 759 1
720 721 3
721 722 3
722 723 3
723 724 3
724 725 3
725 726 3
726 727 3
727 728 3
728 729 3
729 730 3
730 731 3
731 732 3
732 733 3
733 734 3
734 735 3
735 736 3
736 737 3
737 738 1
738 739 0
739 740 3
740 741 3
741 742 3
742 743 3
743 744 3
744 745 3
745 746 3
746 747 3
747 748 3
748 749 0
749 750 1
750 751 0
751 752 3
752 753 3
753 754 1
715 755 3
716 755 1
717 757 3
758 759 0
754 755 3
755 756 0
756 757 1
757 758 1
758 798 0
749 789 1
750 789 0
753 793 1
755 796 3
756 796 1
759 798 1
754 793 3
793 794 3
754 794 3
757 796 3
757 798 3
720 760 1
721 761 1
722 762 1
723 763 1
724 764 1
725 765 1
726 766 1
727 767 1
728 768 1
729 769 1
730 770 1
731 771 1
732 772 1
733 773 1
734 774 1
735 775 1
736 776 1
737 777 1
738 778 3
739 779 0
740 780 0
741 781 0
742 782 0
743 783 0
744 784 0
745 785 0
746 786 0
747 787 0
748 788 0
750 790 0
751 791 1
752 792 1
755 794 3
759 799 1
760 761 3
761 762 3
762 763 3
763 764 3
764 765 3
765 766 3
766 767 3
767 768 3
768 769 3
769 770 3
770 771 3
771 772 3
772 773 3
773 774 3
774 775 3
775 776 3
776 777 3
777 778 3
778 779 0
779 780 3
780 781 3
781 782 3
782 783 3
783 784 3
784 785 3
785 786 3
786 787 3
787 788 3
788 789 3
789 790 3
790 791 3
791 792 3
792 793 3
798 799 3
794 796 3
757 837 3
796 837 3
798 837 2
796 835 3
794 835 3
796 836 3
836 837 3
786 826 3
785 826 3
793 833 3
794 833 3
835 836 3
760 800 0
761 801 0
762 802 0
763 803 0
764 804 0
765 805 0
766 806 0
767 807 0
768 808 0
769 809 0
770 810 0
771 811 0
772 812 0
773 813 0
774 814 0
775 815 0
776 816 0
777 817 3
778 818 0
779 819 3
780 820 3
781 821 3
782 822 3
783 823 3
784 824 3
785 825 3
787 827 3
788 828 3
789 829 3
790 830 3
791 831 3
792 832 3
794 834 3
798 838 2
798 839 1
799 839 1
800 801 3
801 802 3
802 803 3
803 804 3
804 805 3
805 806 3
806 807 3
807 808 3
808 809 3
809 810 3
810 811 3
811 812 3
812 813 3
813 814 3
814 815 3
815 816 3
816 817 1
817 818 0
818 819 3
819 820 3
820 821 3
821 822 3
822 823 3
823 824 3
824 825 3
826 827 3
827 828 3
828 829 3
829 830 3
830 831 3
831 832 3
832 833 3
833 834 3
837 838 3
825 826 3
834 835 3
838 839 1
836 876 1
835 875 3
834 874 3
834 875 3
835 876 3
837 877 3
833 874 3
836 877 3
874 875 3
875 876 3
838 877 3
838 879 3
839 879 2
800 840 3
801 841 3
802 842 3
803 843 3
804 844 3
805 845 3
806 846 3
807 847 3
808 848 3
809 849 3
810 850 3
811 851 3
812 852 3
813 853 3
814 854 3
815 855 3
816 856 3
817 857 0
818 858 3
819 859 3
820 860 3
821 861 3
822 862 3
823 863 3
824 864 3
825 865 3
826 866 1
827 867 1
828 868 3
829 869 3
830 870 3
831 871 3
832 872 3
833 873 3
840 841 3
841 842 3
842 843 3
843 844 3
844 845 3
845 846 3
846 847 3
847 848 3
848 849 3
849 850 3
850 851 3
851 852 3
852 853 3
853 854 3
854 855 3
855 856 3
856 857 3
857 858 3
858 859 3
859 860 3
860 861 3
861 862 3
862 863 3
863 864 3
864 865 3
865 866 1
866 867 3
867 868 0
868 869 3
869 870 3
870 871 3
871 872 3
872 873 3
873 874 3
838 878 3
878 879 3
877 878 3
876 877 0
876 916 0
877 916 2
878 918 3
873 913 3
874 914 3
875 915 3
876 915 3
877 918 3
840 880 3
841 881 3
842 882 0
843 883 3
844 884 0
845 885 1
846 886 3
847 887 3
848 888 3
849 889 3
850 890 3
851 891 3
852 892 3
853 893 3
854 894 3
855 895 3
856 896 3
857 897 3
858 898 3
859 899 3
860 900 3
861 901 3
862 902 3
863 903 3
864 904 3
865 905 3
866 906 0
867 907 2
868 908 3
869 909 3
870 910 3
871 911 3
872 912 3
874 913 3
877 917 3
878 919 3
879 919 3
880 881 3
881 882 0
882 883 1
883 884 0
884 885 1
885 886 0
886 887 3
887 888 3
888 889 3
889 890 3
890 891 3
891 892 3
892 893 3
893 894 3
894 895 3
895 896 3
896 897 3
897 898 3
898 899 3
899 900 3
900 901 3
901 902 3
902 903 3
903 904 3
904 905 3
905 906 3
866 907 2
907 908 0
908 909 3
909 910 3
910 911 3
911 912 3
912 913 3
875 914 3
915 916 0
916 917 3
917 918 3
913 914 3
914 915 3
918 919 3
906 907 1
914 954 0
915 954 0
913 953 3
914 953 3
954 955 3
915 955 0
918 958 3
919 958 3
880 920 1
881 921 1
882 922 1
883 923 0
884 924 3
885 925 1
886 926 1
887 927 1
888 928 1
889 929 1
890 930 1
891 931 1
892 932 1
893 933 1
894 934 1
895 935 1
896 936 1
897 937 1
898 938 1
899 939 1
900 940 1
901 941 1
902 942 1
903 943 1
904 944 1
905 945 1
906 946 1
907 947 0
908 948 1
909 949 1
910 950 1
911 951 3
912 952 3
916 956 3
917 957 3
920 921 3
921 922 0
922 923 0
923 924 0
924 925 1
925 926 3
926 927 3
927 928 3
928 929 3
929 930 3
930 931 3
931 932 3
932 933 3
933 934 3
934 935 3
935 936 3
936 937 3
937 938 3
938 939 3
939 940 3
940 941 3
941 942 3
942 943 3
943 944 3
944 945 3
945 946 3
946 947 3
947 948 3
948 949 3
949 950 3
950 951 0
951 952 3
952 953 3
953 954 0
955 956 3
956 957 3
957 958 3
919 959 3
958 959 3
954 1034 1
956 996 3
958 998 0
920 960 0
921 961 0
922 962 0
923 963 3
924 964 1
925 965 3
926 966 3
927 967 3
928 968 3
929 969 0
930 970 3
931 971 3
932 972 3
933 973 0
934 974 0
935 975 3
936 976 3
937 977 3
938 978 0
939 979 0
940 980 0
941 981 0
942 982 3
943 983 3
944 984 0
945 985 0
946 986 0
947 987 3
948 988 3
949 989 3
950 990 3
951 991 0
952 992 3
953 993 3
954 995 2
955 995 2
955 996 3
957 997 0
959 999 3
960 961 3
961 962 0
962 963 3
963 964 1
964 965 1
965 966 3
966 967 3
967 968 3
968 969 0
969 970 1
970 971 3
971 972 3
972 973 0
973 974 3
974 975 1
975 976 3
976 977 3
977 978 0
978 979 3
979 980 3
980 981 3
981 982 1
982 983 3
983 984 0
984 985 3
985 986 3
986 987 1
987 988 3
988 989 3
989 990 3
990 991 0
991 992 1
992 993 3
954 993 1
996 997 0
997 998 2
998 999 1
995 1034 1
993 1034 3
995 996 0
995 1035 1
996 1035 1
993 1033 3
960 1000 1
961 1001 1
962 1002 1
963 1003 1
964 1004 1
965 1005 3
966 1006 3
967 1007 3
968 1008 3
969 1009 1
970 1010 3
971 1011 3
972 1012 3
973 1013 1
974 1014 1
975 1015 3
976 1016 3
977 1017 3
978 1018 1
979 1019 1
980 1020 1
981 1021 1
982 1022 3
983 1023 3
984 1024 1
985 1025 1
986 1026 1
987 1027 3
988 1028 3
989 1029 3
990 1030 3
991 1031 1
992 1032 0
1033 1034 3
996 1036 1
997 1037 1
998 1038 1
999 1039 1
1000 1001 3
1001 1002 3
1002 1003 3
1003 1004 3
1004 1005 3
1005 1006 3
1006 1007 3
1007 1008 3
1008 1009 3
1009 1010 3
1010 1011 3
1011 1012 3
1012 1013 3
1013 1014 3
1014 1015 3
1015 1016 3
1016 1017 3
1017 1018 3
1018 1019 3
1019 1020 3
1020 1021 3
1021 1022 3
1022 1023 3
1023 1024 3
1024 1025 3
1025 1026 3
1026 1027 3
1027 1028 3
1028 1029 3
1029 1030 3
1030 1031 0
1031 1032 1
1032 1033 1
1035 1036 3
1036 1037 3
1037 1038 3
1038 1039 3
1034 1035 3
