0.0362381 -0.032606 76.4533
0.0365824 -0.0327381 76.4419
0.0380443 -0.0333746 76.3846
0.0405217 -0.0343365 76.2504
0.0424317 -0.0338203 76.1114
-1.00895 -0.318685 191.683
0.034179 -0.0149989 76.0968
0.0242065 -0.000641715 77.2812
0.0148257 0.00524472 78.6279
0.00724105 0.00739167 79.8913
0.00100157 0.00712209 81.0682
-0.00368993 0.0061092 82.0449
-0.00620733 0.00487551 82.6197
-0.00705888 0.00369941 82.8331
-0.130305 -0.0976354 151.791
0.370521 -0.0631605 9.05227
0.014074 -0.115438 109.991
0.0140671 -0.11543 109.993
0.0140521 -0.115421 109.998
0.0140315 -0.115421 110.006
0.0140144 -0.115422 110.012
0.0140019 -0.115422 110.017
0.0139945 -0.115422 110.02
0.0139915 -0.115422 110.022
0.0139915 -0.115422 110.022
-0.0653795 0.0737638 178.821
0.00926231 0.164474 47.9569
0.00927051 0.164472 47.9518
0.00943493 0.164471 47.8626
0.00986401 0.164513 47.6234
0.0106988 0.164512 47.1451
0.0120897 0.164706 46.3207
0.0139045 0.164698 45.2149
0.0162298 0.163499 43.7741
0 0 -1
-0.0290088 0.172571 73.5612
0.347121 -0.024982 -162.655
0.0420831 -0.128335 43.6211
0.0625148 -0.0878384 27.9467
0.0943326 -0.0884521 5.24812
0.0362387 -0.0328972 76.4593
0.0362763 -0.0326346 76.4461
0.0372923 -0.0328158 76.4017
0.0405871 -0.0336607 76.2192
0.0469756 -0.034484 75.747
0.0488158 -0.0320578 75.6075
0.0422116 -0.0282882 75.7211
0.0286708 0.000132201 76.6504
0.0180255 0.00700012 78.0704
0.00801178 0.00810941 79.7386
0.000269162 0.00713069 81.2176
-0.00470591 0.00595015 82.2722
-0.00740095 0.0049911 82.9003
-0.00838493 0.00391659 83.1635
-0.215934 -0.1154 175.427
0.0140969 -0.115418 109.983
0.0140874 -0.115437 109.987
0.0140767 -0.11543 109.99
0.0140701 -0.115421 109.992
0.0693623 -0.162005 220.257
0.00366136 -1.12732 105.629
0.00366136 -1.12732 105.629
0.00366136 -1.12732 105.629
0.00366136 -1.12732 105.629
-0.0132202 -0.448824 93.2242
-0.0616739 0.0742506 177.069
-0.0148897 -0.350166 92.7431
-0.0148897 -0.350166 92.7431
-0.0148897 -0.350166 92.7431
-0.0148897 -0.350166 92.7431
-0.0148897 -0.350166 92.7431
0.0683141 0.00965325 24.9529
0.0683288 0.0093596 24.9512
-0.0115755 -0.427776 93.8151
-0.0011747 3.7521 -43.266
0 0 -1
0.435505 -0.0155785 -224.749
0.0649004 -0.0963153 26.2579
0.0887962 -0.103928 9.47129
0.0744856 -0.103121 19.9886
0.0369855 -0.0335408 76.4757
0.0367868 -0.0323786 76.421
0.0370832 -0.0314332 76.3571
0.0385977 -0.0301179 76.1942
0.0416082 -0.0289327 75.8877
0.0520829 -0.0215728 74.431
0.0447349 -0.00175311 74.4345
0.0379272 0.00816556 74.9946
0.0216436 0.0111012 77.3329
0.00749065 0.00878649 79.8155
-0.00125131 0.00648792 81.5502
-0.00569098 0.00545129 82.5071
-0.0083173 0.00525279 83.1076
-0.0106549 0.00544363 83.674
-0.0127009 0.00938213 84.0179
-0.0135676 0.0132845 84.0718
-0.0137427 0.0179986 83.8932
-0.0123043 0.0226953 83.1998
-0.0112356 0.0269313 82.6343
0.0587809 -0.163282 224.127
1.32113 -0.165701 -254.81
-0.00330808 0.0393087 78.9784
-0.00330808 0.0393087 78.9784
0.012467 0.135068 91.6671
0.00124547 -0.0716612 85.065
0.00124547 -0.0716612 85.065
0.00124547 -0.0716612 85.065
0.00124547 -0.0716612 85.065
0.00124547 -0.0716612 85.065
0.00124547 -0.0716612 85.065
0.00124547 -0.0716612 85.065
0.00124547 -0.0716612 85.065
0.0685105 0.00944688 24.8359
0.000354781 -0.0979783 86.8305
0.000354781 -0.0979783 86.8305
-0.951064 4.66669 480.062
0.574452 0.013519 -321.546
-0.0191487 0.00100406 82.8538
0.0549493 -0.0750642 32.9908
0.02152 -0.0750092 57.8964
0.0388884 -0.0343877 76.5018
0.0385893 -0.0320589 76.35
0.0391975 -0.0301779 76.1873
0.0428323 -0.0234331 75.5194
0.0486714 -0.016129 74.5537
0.068146 -0.0352728 73.848
0.0647098 0.0150848 71.2436
0.0377782 0.0147412 74.7234
0.0264336 0.0127948 76.5147
-0.000503826 0.257211 24.111
-0.00467659 0.00550957 82.2822
-0.00604828 0.00529546 82.5862
-0.00770721 0.00576001 82.931
-0.00891663 0.00698517 83.1442
-0.00957429 0.00965517 83.1403
-0.00972452 0.0128807 82.9683
0 0.256315 24.0733
-0.00714829 0.0232609 81.4513
-0.00651717 0.028078 80.9133
-0.00490802 0.0339683 79.9368
-0.00352928 0.0373246 79.1912
-0.00287827 0.0391708 78.8135
0.107222 -0.116801 2.31554
0.0218424 -0.132058 102.687
0.0140942 -0.0621903 72.4971
0.0140779 -0.0621876 72.5074
0.0136185 -0.062172 72.7384
0.0123071 -0.0621536 73.4168
0.00979873 -0.0621326 74.758
0.00579702 -0.0621089 76.9703
5.4166e-05 -0.0620824 80.2513
-0.00763035 -0.0620533 84.7849
-0.0174115 -0.0620215 90.7387
-0.0294016 -0.0619871 98.2627
-0.0436743 -0.0619501 107.488
-0.0603098 -0.0620327 118.562
-0.0851545 -0.0526231 134.815
-0.0799373 0.0148886 126.519
-0.0673994 -0.0405454 120.777
0.464814 -0.13591 -259.363
0.0421701 -0.0350933 76.5161
0.0422259 -0.0319928 76.2463
0 0 -1
0.0570885 -0.0160396 74.0252
0.0593842 -0.00333365 72.7586
0.0712074 -0.620663 117.56
0.11332 0.0324809 64.4778
0 0 -1
0.00343905 0.0107234 80.3665
-0.000586542 0.007411 81.3289
-0.00356119 0.00559767 82.0462
-0.00556342 0.00563317 82.4549
-0.00666627 0.00635636 82.6398
-0.00705252 0.00785276 82.6038
-0.00683441 0.0100962 82.3528
-0.00589637 0.0128552 81.8474
-0.00404941 0.0151198 81.0936
-0.0027347 0.0229013 80.015
-0.00154366 0.0286306 79.1307
-0.00098498 0.0350193 78.4012
-0.00113575 0.0379436 78.2108
-0.000956375 0.0387839 78.0654
-0.000353912 0.0376279 77.9157
3.58988e-05 0.0361705 77.8722
0.000352989 0.0344803 77.8741
0.000632334 0.0326486 77.9002
0.000867679 0.0307044 77.9524
0.00104229 0.0286545 78.0404
0.0011505 0.0265015 78.1693
0.00119611 0.0242468 78.3393
0.00119165 0.0218918 78.5455
0.00115655 0.019439 78.7782
0.00111425 0.0168942 79.0236
0.00108666 0.0142677 79.2675
0.00108472 0.0115467 79.5035
0.00108382 0.0083042 79.7827
0.00261459 -0.0014706 79.5762
-0.0887596 0.0152294 132.51
-0.1089 0.0135127 147.048
-0.0845615 0.0170603 129.324
0.0457782 -0.0351805 76.4783
0.0478045 -0.0312488 76.0135
0.0546693 -0.0223813 74.8055
0.066065 -0.0135335 73.2103
0.0835249 0.000773909 70.3855
0.104684 0.0103059 67.4421
0.118387 0.0198351 64.9428
-0.0183447 4.41335 -387.753
-0.00146825 0.0100491 81.2202
-0.00267833 0.00738807 81.7036
-0.00413809 0.00589892 82.1318
-0.00517142 0.00584748 82.3492
-0.00555982 0.00665047 82.3511
-0.00531789 0.00819413 82.1299
-0.00467412 0.0103339 81.7384
-0.00397465 0.0127151 81.2965
-0.00360588 0.0142559 81.0304
0.139864 -0.00360355 181.949
0.140205 -0.00589084 182.087
0.000937647 0.0365032 77.56
0.0005951 0.0391478 77.4255
-0.000911884 0.0382134 78.1029
-0.00131862 0.0375689 78.3348
-0.00130605 0.0361654 78.4719
-0.00115355 0.0344737 78.5757
-0.000979581 0.0326412 78.6812
-0.000837225 0.0306946 78.811
-0.000751407 0.0286427 78.9779
-0.000730651 0.0264882 79.1883
-0.00077151 0.0242321 79.4426
-0.000860849 0.0218761 79.7354
-0.000977375 0.0194229 80.0558
-0.00109221 0.0168787 80.3864
-0.00116697 0.014261 80.7014
-0.00114773 0.011627 80.9584
-0.000980579 0.00923987 81.0908
0.618755 0.376756 -386.967
-0.0559444 0.00159019 110.564
-0.0627581 0.0206032 113.314
0.38176 -0.181874 -178.227
5.11624e-15 -0.155357 135.625
3.95672e-15 -0.155357 135.625
4.5655e-15 -0.155357 135.625
-0.0210442 0.0703676 3.10046
-0.00736338 0.00810507 116.236
-0.00736439 0.00813679 116.231
-0.00729956 0.00820003 116.215
-0.00709875 0.0082945 116.176
-0.00668882 0.00841979 116.096
-0.00599433 0.00857541 115.957
-0.00493882 0.00876078 115.731
-0.00353391 0.00888818 115.418
-0.00160525 0.00932519 114.923
0.00144117 0.00852378 114.262
0.00463752 0.00894621 113.357
0.00854897 0.00927777 112.199
0.0131935 0.00963345 110.741
0.0185997 0.0100121 108.946
0.0228248 0.0204742 106.306
0.0381999 -0.0828666 91.8608
0.0382 -0.0828666 91.8608
0.0382003 -0.0828665 91.8606
0.038201 -0.0828665 91.8603
0.0415507 -0.0912248 91.4133
0.0504502 -0.103828 88.884
0.0656272 -0.123239 84.1601
0.0165394 -0.0105667 62.0583
0.0165352 -0.0105666 62.061
0.0164388 -0.0105663 62.1133
0.0161751 -0.010566 62.2598
0.0156817 -0.0105656 62.5425
0.0149087 -0.0105651 62.9993
0.013818 -0.0105644 63.664
0.0123827 -0.0105637 64.5654
0.0105856 -0.0105628 65.7277
0.00841754 -0.0105619 67.1706
-0.00642027 0.00666043 75.28
-0.0330304 0.0241595 91.6318
-0.0462379 0.0246176 100.491
-0.034809 0.0296514 91.5186
-7.27219e-18 0.043369 4.83783
-7.27219e-18 0.043369 4.83783
0.227361 0.0731046 -11.4184
-0.013381 0.0710599 2.47608
-0.00968013 0.0710535 2.201
-0.00652464 0.0710465 1.90711
-0.00389461 0.0710388 1.61282
-0.00176003 0.0710301 1.33409
-8.19472e-05 0.0710206 1.08381
0.00118608 0.0710099 0.871383
0.00209616 0.0709982 0.702507
0.00260744 0.0709488 0.603799
0.003044 0.0711562 0.476822
0.00322772 0.071111 0.438628
0.00326607 0.0711219 0.427483
0.00321898 0.0711298 0.440043
0.00312865 0.0711363 0.466622
0.00302889 0.0711411 0.498032
0.002944 0.0711444 0.526394
0.002892 0.0711388 0.545792
0.00287226 0.0711436 0.552507
0.00287226 0.0711436 0.552507
0.0312014 -0.0827191 94.8811
0.031557 -0.0911819 95.8777
0.0362823 -0.103545 95.4439
0.0400362 -0.123444 96.5538
0.00454459 -0.283865 91.4295
0.00454459 -0.283865 91.4295
0.00454459 -0.283865 91.4295
0.00454459 -0.283865 91.4295
0.00454459 -0.283865 91.4295
0.00454459 -0.283865 91.4295
0.00454459 -0.283865 91.4295
0.00454459 -0.283865 91.4295
0.362526 -0.161213 -161.091
0 0 -1
0.0303413 -0.0212867 53.5491
-0.0250929 0.0200154 86.9572
-0.0140301 0.00620496 80.3973
-0.0445143 0.0187203 100.404
0.0743453 -0.0296476 41.9409
0.0744047 -0.0296433 41.9364
0.0749506 -0.0296347 41.9102
0.0762312 -0.0296219 41.8311
0.0749039 -0.0296305 41.928
0.0743822 -0.0296347 41.975
0.0743822 -0.0296347 41.975
-0.0493576 -0.114307 78.27
-0.0483207 -0.11333 77.9436
7.68362e-13 0.0588788 32.7899
7.64704e-13 0.0588788 32.7899
7.71351e-13 0.0588788 32.7899
7.85092e-13 0.0588788 32.7899
7.76359e-13 0.0588788 32.7899
0.252081 0.0332512 85.196
-0.00303489 -0.280463 118.449
-0.00303485 -0.280463 118.449
-0.00303434 -0.280463 118.449
-0.00303303 -0.280463 118.449
-0.00303071 -0.280463 118.448
-0.00302725 -0.280463 118.447
-0.00302279 -0.280463 118.445
-0.00301717 -0.280463 118.442
-0.00301089 -0.280463 118.44
-0.00300414 -0.280463 118.436
-0.00299726 -0.280463 118.433
-0.00299061 -0.280463 118.43
-0.00298455 -0.280463 118.427
-0.0029794 -0.280463 118.424
-0.00297537 -0.280463 118.422
-0.00297271 -0.280463 118.42
-0.00297104 -0.280463 118.419
-0.00297044 -0.280463 118.419
-0.00297044 -0.280463 118.419
0.101803 -0.039917 7.90874
0.075207 -0.0131288 21.5456
0.0388716 -0.0114026 46.2312
-0.0349979 -0.0062375 97.7876
-0.0684077 -0.0348831 126.201
-0.0732066 -0.0372361 129.913
0.0761216 -0.150795 47.4824
0.0761216 -0.150795 47.4824
0.0771043 -0.150183 47.331
0.0809837 -0.146212 46.368
0.0761091 -0.145677 46.6451
0.0750976 -0.146644 46.9085
0.0750976 -0.146644 46.9085
-0.0459908 -0.115715 78.0576
-0.04407 -0.112487 77.1161
-0.0407396 -0.112476 76.5534
-0.0385605 -0.112467 76.1451
-0.0373747 -0.112462 75.9015
-0.0369428 -0.112459 75.8053
-0.0369428 -0.112459 75.8053
0.242839 0.0322478 87.8738
0.00038876 -0.488228 115.975
0.000377739 -0.488213 115.976
0.00035653 -0.488202 115.981
0.000328338 -0.488195 115.989
0.000294823 -0.488189 116
0.000257113 -0.488184 116.014
0.000216298 -0.48818 116.029
0.000173421 -0.488176 116.046
0.000128986 -0.488172 116.065
8.15177e-05 -0.488163 116.085
2.48533e-05 -0.488142 116.108
-4.4501e-05 -0.488152 116.144
-0.000104596 -0.488161 116.177
-0.000154994 -0.488171 116.205
-0.00019131 -0.488178 116.226
-0.000221637 -0.488188 116.245
-0.000242416 -0.488198 116.259
-0.000252352 -0.488206 116.267
-0.000255914 -0.48821 116.27
-0.000256387 -0.488212 116.27
0.0837912 -0.0279968 31.6274
0.113058 -0.0341131 12.7253
0.157166 -0.159478 5.00354
-0.0968024 0.000439906 140.285
-0.100582 -0.0334117 149.183
0.0761216 -0.150795 47.4824
0 0 -1
0.074669 -0.150214 47.4307
0.0871152 -0.148568 46.4183
0.0719939 -0.143288 46.543
0.0730455 -0.146386 47.0666
0.0145115 -0.394451 202.633
0.0207949 -0.165563 115.931
0.0072512 -0.227741 58.5621
0.000489191 0.126966 -0.631579
0.000489065 0.126965 -0.631514
0.00048645 0.126965 -0.630887
0.000479343 0.126965 -0.629152
0.00046613 0.126964 -0.625743
0.000445576 0.126964 -0.620104
0.000416817 0.126963 -0.611712
0.000389972 0.126976 -0.606264
0.000363188 0.126984 -0.599202
0.000333159 0.12699 -0.589934
0.000298965 0.126994 -0.578418
0.000260956 0.126998 -0.564811
0.000220136 0.127003 -0.54947
0.00017802 0.127009 -0.533045
0.00013696 0.127017 -0.516829
0.000101422 0.127032 -0.503726
8.0526e-05 0.127061 -0.499488
-0.158199 -0.00637601 146.752
0.204423 -0.0113563 -38.1222
-0.000174418 0.124416 0.130404
-0.000178424 0.124419 0.132
-0.120487 -0.0105261 141.981
-0.000252389 0.127035 -0.321501
-0.000254551 0.127036 -0.320267
-0.000256142 0.127038 -0.319691
-0.000256446 0.127039 -0.319753
0.0124469 -0.00750984 75.8022
-0.0113278 -0.0383386 98.4996
0.00576461 0.0863344 60.6112
-0.155149 -0.00588622 185.673
-0.16367 -0.0023598 190.267
0.00652586 0.155504 88.8476
0.00653129 0.155503 88.8471
0.00663567 0.155502 88.8424
0.00691622 0.1555 88.8256
0.00743382 0.155497 88.7854
0.00823307 0.155493 88.7088
0.00934238 0.155489 88.5818
0.0229622 -0.16325 115.035
0.0242188 8.92959 -1858.79
0.0229199 0.0816577 59.319
0.0220432 0.0806006 59.7263
0.019849 0.0786193 60.6251
0.0167775 0.0759508 61.9128
0.0132987 0.0727229 63.479
0.00988247 0.0689853 65.2034
0.00700583 0.0647593 66.9434
0.00514017 0.0600587 68.5325
0.00472805 0.0548966 69.787
0.00615833 0.0492875 70.5162
0.00974309 0.043248 70.5344
0.0156987 0.0367977 69.674
0.0241323 0.0299605 67.7978
0.0350323 0.0227704 64.8096
0.0482579 0.0152929 60.6638
0.063503 0.00769882 55.3752
0.0801609 0.000505227 49.0439
0.0968958 -0.00472775 41.94
0.110749 -0.00390696 34.6917
0.118957 0.0103874 27.2255
0.121868 0.0173298 24.1272
0.000183484 -0.058108 191.079
-0.00149682 -0.0653458 193.633
-0.0348652 0.027659 101.56
-0.0370424 0.0331153 101.746
-0.0415993 0.0454523 101.987
-0.0335703 0.0534306 94.7107
0.00769761 0.0389297 69.3352
0.0826039 0.0969577 4.08497
-0.203556 -0.0394658 227.336
-0.224945 -0.0334897 242.103
0.000103512 0.00123427 86.8073
0.000103512 0.00123427 86.8073
0.000103512 0.00123427 86.8073
0.000103512 0.00123427 86.8073
0.00287369 0.0937041 28.3813
0.00130408 0.00338353 86.1725
0.00934842 -0.152605 158.672
0.0211197 0.083896 59.0742
0.0234069 0.0918768 56.7942
0.0229972 0.0826066 59.0779
0.0208596 0.0806024 59.9613
0.017891 0.0785126 61.0764
0.0142849 0.0758248 62.532
0.0103547 0.07259 64.2624
0.00651609 0.0688508 66.1592
0.00323096 0.0646281 68.0826
0.000967481 0.0599354 69.8662
0.000168535 0.0547854 71.3258
0.00122431 0.0491921 72.2695
0.00444871 0.0431713 72.5108
0.0100608 0.0367415 71.8802
0.0181729 0.0299254 70.2376
0.0287885 0.0227558 67.4796
0.0418163 0.0152968 63.5361
0.0571239 0.00771443 58.3367
0.0747021 0.000487727 51.6846
0.0951329 -0.00519628 42.9211
0.120523 -0.00893931 30.7568
0.131309 0.0123867 20.088
0.12791 0.0176928 20.6802
0.12791 0.0176928 20.6802
0.00446203 0.324073 101.455
-0.0300092 0.0272635 98.6413
-0.0278321 0.0295491 96.7234
-0.0251895 0.0315268 94.5978
-0.0504158 -0.00822703 121.144
-0.00928841 0.0111284 87.9136
-0.654638 0.0120479 540.581
-0.113524 -0.0271464 159.22
-4.18308 -0.016249 3189.5
0.00363022 0.0937028 28.3913
0.00363056 0.093704 28.3909
0.0036344 0.0937064 28.3901
0.00364391 0.09371 28.3886
0.00366013 0.0937144 28.3862
0.00307046 0.0935565 28.4821
0.00253128 0.0934202 28.5779
0.00204226 0.0932869 28.6765
0.00160138 0.093157 28.7763
0.00120613 0.0930312 28.8756
0.000853723 0.09291 28.9732
0.000541206 0.0927938 29.0678
0.000265616 0.0926832 29.1586
2.40922e-05 0.0925786 29.2447
-0.000186047 0.0924804 29.3255
-0.000367262 0.0923891 29.4002
-0.000521781 0.0923049 29.4685
-0.000651628 0.0922282 29.5299
-0.000758675 0.0921594 29.5839
-0.000844713 0.0920986 29.6304
-0.000911542 0.0920461 29.6691
-0.000961059 0.0920021 29.7
-0.000995341 0.0919668 29.7233
-0.00101672 0.0919402 29.7393
-0.00102785 0.0919224 29.7489
-0.00103173 0.0919136 29.753
-0.00103173 0.0919136 29.753
0.165488 -0.0104107 7.533
0.167749 0.00848888 1.49856
-0.00152211 0.081881 32.8892
-0.00152211 0.081881 32.8892
-0.00152211 0.081881 32.8892
-0.00152211 0.081881 32.8892
-0.032129 0.0271963 99.9984
-0.0288934 0.0256163 98.3421
-0.0495126 -0.0982436 143.147
-0.0875893 -0.0312408 151.67
-0.392823 0.0307203 349.661
-0.138906 -0.0619373 187.005
-0.127485 -0.028558 169.932
-0.0129623 0.0153572 81.825
-0.0129764 0.0153596 81.8257
-0.0131862 0.0153645 81.8343
-0.0137305 0.0153719 81.8656
-0.0147055 0.0153816 81.9395
-0.0161655 0.0153939 82.0772
-0.0160904 0.0153914 82.0698
-0.0160904 0.0153914 82.0698
-0.0131547 0.0586331 98.0325
0 -0.00181362 84.9421
-0.0385181 0.0510909 102.81
-0.029077 0.0361219 104.909
-0.00996256 0.0279121 102.787
-0.0458983 0.0179624 94.9405
-0.0458996 0.0179612 94.939
-0.0455661 0.0179796 94.8347
-0.0444145 0.0175749 94.5879
-0.0412865 0.0147369 94.344
-0.035699 0.0118925 93.2004
-0.0273022 0.00903922 90.9382
-0.0157595 0.00617477 87.3236
-0.000757336 0.0032967 82.1131
0.0179846 0.000402638 75.0592
0.0407039 -0.00250983 65.9169
0.0675881 -0.00544306 54.4506
0.0987719 -0.00839939 40.4392
0.134338 -0.0113811 23.6796
0.17526 0.002613 -1.0528
0.162157 -0.00167363 7.33157
-0.0174576 0.300761 3.58639
-0.0174576 0.300761 3.58639
-0.0174576 0.300761 3.58639
-0.0174576 0.300761 3.58639
0 0 -1
0.21377 -0.135811 -26.799
0.160889 -0.153766 14.2663
-0.013637 -0.0129982 95.3929
-0.125842 0.0463241 157.421
-0.036864 -0.00522853 97.6327
0.0287695 -0.529268 213.173
0 0 -1
0.0328201 -0.168734 156.517
-0.0135292 -0.995889 396.747
-0.0136617 -0.996124 396.822
0 -0.327102 203.532
-0.0259363 0.424106 -33.1762
0.0123299 -1.21772 458.707
-0.0637594 0.0490573 108.819
-0.0637594 0.0490573 108.819
-0.0712057 0.0501757 109.647
-0.0608919 0.050966 107.347
-0.0421067 0.0357866 107.829
-0.0140824 0.0227788 105.208
0.0290224 0.00605658 99.5976
0.0477263 -0.0790947 119.953
-0.0454517 0.0179283 94.8154
-0.0454033 0.0178041 94.8347
0.0125004 0.312802 -14.1632
0.0125004 0.312802 -14.1632
0 0 -1
-0.0116848 0.313224 -5.08075
-0.0116848 0.313224 -5.08075
0 0 -1
-6.22531e-05 0.313968 -10.0594
-6.22531e-05 0.313968 -10.0594
-6.22531e-05 0.313968 -10.0594
-6.22531e-05 0.313968 -10.0594
0.230979 -0.359499 72.7926
-0.0174576 0.300761 3.58639
-0.0174576 0.300761 3.58639
-0.0174576 0.300761 3.58639
-0.0174576 0.300761 3.58639
-0.0174576 0.300761 3.58639
-0.0789165 4.43758 -1186.8
0.251698 0.445412 -216.778
0.254379 0.495055 -232.928
-0.0619322 0.033623 116.042
-0.477151 -0.448493 547.576
-0.00317756 0.0617643 53.9289
-0.0290791 0.0227094 84.2786
1.25688 3.82191 -1153.65
0.839781 1.22664 -331.311
-0.0127835 -0.281906 180.019
-0.0139702 -0.279911 179.472
-0.0179397 -0.275789 178.498
-0.0266164 -0.268824 177.163
0.000792769 0.356216 -98.3535
0.000792769 0.356216 -98.3535
0.000792769 0.356216 -98.3535
0.000792769 0.356216 -98.3535
0.000792769 0.356216 -98.3535
0.000792769 0.356216 -98.3535
0.000792769 0.356216 -98.3535
0.000792769 0.356216 -98.3535
0.0562413 -0.08431 119.049
0.0317689 0.0280734 -5.84204
0.0317611 0.028068 -5.83657
0.0315185 0.0280574 -5.75226
0.0308373 0.0280415 -5.51077
0.0295371 0.0280204 -5.03061
0.0274614 0.0279943 -4.22903
0.0244779 0.0279632 -3.024
0.0204784 0.0279274 -1.33607
0.0153789 0.0278869 0.909888
0.00911811 0.0278419 3.78331
0.00165627 0.0277926 7.34711
-0.00707072 0.0276173 11.7161
-0.0312361 0.024572 25.1345
-0.0620274 -0.0171233 54.4229
-0.0690051 -0.0574812 70.7772
-0.0599556 -0.0631221 67.4548
-0.0599481 -0.0631219 67.4503
-0.0599452 -0.0631211 67.4484
-0.0599452 -0.0631211 67.4484
-0.0488764 -0.0780772 131.649
0.114739 0.0143188 6.98535
-0.0834709 0.0283661 132.695
-0.155991 0.200602 122.423
-0.0605906 0.132935 74.5816
-0.292123 0.337769 199.524
-0.00918583 0.0233896 81.3992
-0.00938043 0.0236711 81.3122
-0.0103012 0.0242507 81.16
-0.0114082 0.0262105 80.5727
-0.0123426 0.0285816 79.8537
0.440903 0.0243105 38.437
-0.0078866 0.0710821 64.6037
-0.00751873 0.0754651 63.0873
-0.0063537 0.0810767 61.0365
-0.00474836 0.0870868 58.7573
-0.0028543 0.0932043 56.3574
-0.000675273 0.0993997 53.8361
0.00205276 0.106878 50.7228
0.00548711 0.111154 48.6168
0.00605066 0.103936 50.862
0.00645455 0.10388 50.7673
0.0065786 0.104096 50.6585
0.00661569 0.104191 50.6152
-0.122049 0.0276702 225.665
-0.000464779 0.011927 94.3099
-0.000468952 0.0119194 94.3143
-0.000507585 0.011904 94.3351
-0.000604931 0.0118751 94.3859
-0.000773216 0.0118146 94.48
-0.000994806 0.0116706 94.6292
-0.00118 0.0113579 94.8208
-0.0151053 0.0319878 14.4002
-0.00575738 0.00989802 97.659
-0.00659308 0.0118069 97.4758
0 0.106686 48.6937
-0.0609185 -0.0612411 67.3146
0.0175049 0.119379 33.8996
0.0474961 -0.0875074 64.3788
0.0472278 -0.0873057 64.4949
-0.06217 0.0281347 116.619
-0.061597 0.0163507 120.046
-0.0370914 -0.190714 171.223
0.0150536 -0.114064 109.31
0.0558839 0.0857039 4.7531
0.0242078 0.118175 17.5449
-0.00896704 0.0234558 81.3745
-0.00891968 0.0237532 81.2706
-0.00894697 0.0245692 80.9873
-0.00895629 0.026747 80.2263
-0.00870221 0.0315191 78.5343
-0.0073547 0.050253 71.8272
-0.00536419 0.0689933 65.0197
-0.00318506 0.0752622 62.5401
-0.00134467 0.0810606 60.2347
0.000457109 0.0870844 57.8208
0.00234629 0.093174 55.333
0.00432188 0.0990902 52.8522
0.00633069 0.10381 50.7463
0.00888934 0.0963319 52.7425
0.00768582 0.102434 50.9213
0.00699574 0.103732 50.6597
0.00674953 0.104086 50.6088
0.00669579 0.104197 50.5869
-0.135518 0.0271464 230.685
-0.000470378 0.0119315 94.3106
-0.000478616 0.0119233 94.3167
-0.000525481 0.0119074 94.3414
-0.00064049 0.0118779 94.4003
-0.000858268 0.0118162 94.5177
-0.00123636 0.0116649 94.7441
-0.00189739 0.0112851 95.1928
-0.00301522 0.0106237 95.9784
-0.00441274 0.00996206 96.9287
-0.00523816 0.0115324 96.8114
0 0 -1
0.332972 0.221253 -175.025
-0.0186782 -0.157385 145.144
-0.0186782 -0.157385 145.144
-0.0186781 -0.157385 145.144
-0.0371496 0.0222789 102.33
-0.0829647 0.0131424 135.903
-0.0138797 -0.220117 164.501
-0.0891908 -0.0715559 169.649
0.0360839 0.743745 -204.51
-0.13657 -0.439566 335.798
0.0366831 0.0222085 187.413
0.0367172 0.0221958 187.416
0.0368517 0.0221703 187.421
0.0370483 0.0221322 187.424
0.0371659 0.0220815 187.436
0.0369655 0.0220183 187.483
0.0361189 0.0219427 187.614
0.034222 0.0218547 187.907
0.0308116 0.0217545 188.474
0.0253859 0.0216422 189.456
0.0174266 0.021518 191.03
0.00642232 0.0213821 193.397
-0.00810846 0.0212345 196.782
-0.0265968 0.0210756 201.425
-0.049406 0.0209054 207.573
-0.0768191 0.0207243 215.469
-0.109033 0.0205324 225.348
-0.146157 0.0203299 237.427
-0.15608 0.0397822 233.332
-0.00625112 -0.0247095 98.0508
-0.00513179 -0.0235195 97.1745
-0.00271804 -0.0211101 95.3124
0.000305387 -0.0183445 93.0218
0.00337467 -0.0155535 90.6473
0.00612263 -0.012518 88.272
0.00849529 -0.00757131 85.3145
0.00642784 -0.0038799 84.9696
0.0032006 0.00439889 83.5583
-0.000232847 0.0121179 82.5219
-0.00476347 0.0147085 84.0686
-0.0106382 0.0162241 86.8523
-0.014555 0.0135128 90.1394
-0.0133824 -0.00158026 94.9944
-0.0178473 -0.0131504 102.204
-0.0507066 -0.00327089 120.416
-0.0957151 0.0468976 132.144
-0.119379 -0.00500873 166.482
-0.104463 -0.0512725 173.742
0.0415619 -0.222465 130.551
0.0415619 -0.222465 130.551
0.00309504 -0.0787274 118.857
0.00312236 -0.078818 118.892
0.00314756 -0.0789862 118.957
0.00312627 -0.0792029 119.044
0.00301318 -0.0794622 119.154
0.0027607 -0.0797769 119.302
0.00233746 -0.0801873 119.512
0.00173071 -0.0807373 119.808
0.000891241 -0.0812606 120.142
-0.000253106 -0.0817039 120.512
-0.00179167 -0.08203 120.934
-0.00385711 -0.0821928 121.432
-0.00691377 -0.0819124 122.027
-0.0135121 -0.079438 122.732
-0.0164052 -0.0731614 121.033
-0.0175802 -0.0664663 118.746
-0.0176091 -0.0610519 116.633
-0.142868 0.0167462 237.623
-0.00855882 -0.0298221 100.9
-0.00671136 -0.0260312 98.7365
-0.00349372 -0.0237776 96.6356
-0.000269356 -0.0210597 94.2935
0.00289383 -0.01827 91.8883
0.00596716 -0.0156424 89.5263
0.00882027 -0.0132231 87.2893
0.0111369 -0.0109117 85.3024
0.011096 -0.00547429 83.2387
0.0100538 0.00437168 79.991
0.00405294 0.0141561 79.4182
-0.00294748 0.0146086 83.0991
-0.0108724 0.0155355 87.2707
-0.0228386 0.0169164 93.7975
-0.0278166 0.0098235 99.4197
9.07003e-06 0.0101504 81.5005
0.0160932 0.0342751 61.659
-0.0574495 0.0640341 100.106
-0.175175 0.0306144 191.387
-0.167872 -0.0271731 207.998
-0.0562433 0.0238259 108.754
-0.00810267 -0.805273 403.254
0.00302298 -0.0787229 118.856
0.00301161 -0.0787966 118.887
0.00298785 -0.0789812 118.963
0.00292757 -0.0791969 119.055
0.00277294 -0.0794558 119.172
0.00245061 -0.0797674 119.331
0.00186714 -0.0801536 119.556
0.0012257 -0.0807483 119.885
0.000441594 -0.081274 120.219
-0.000612937 -0.0817192 120.583
-0.00204151 -0.082015 120.977
-0.00398287 -0.0819505 121.358
-0.00632039 -0.0808188 121.427
-0.0066617 -0.0768317 119.875
-0.00958145 -0.0726669 118.952
-0.0116373 -0.065999 116.81
-0.0128708 -0.058502 114.119
-0.012006 -0.0454513 108.483
-0.00831724 -0.0326924 101.984
-0.00399258 -0.0276678 98.3782
-0.000532602 -0.0240686 95.5988
0.0025885 -0.0209775 93.0954
0.00551494 -0.0182129 90.7477
0.00815572 -0.0158698 88.6425
0.0102146 -0.0142127 87.0349
0.0111556 -0.0136097 86.3527
-0.0892972 0.275505 77.3939
-0.09019 0.287814 72.8329
-0.0024124 0.0170897 81.7771
-0.00430835 0.0139391 84.1228
-0.00780284 0.0115586 87.0972
-0.0150365 0.0085661 92.6389
-0.0310333 0.0109502 101.188
-0.00669081 0.0192237 82.3818
0.0211227 0.0284236 60.778
0.0720412 0.0603631 14.9078
0.103393 0.0801025 -14.0197
-0.0867224 -0.0151371 146.45
-0.0492803 0.00469925 111.371
-0.012952 -0.00947937 90.595
0.00298602 -0.0787316 118.86
0.00298045 -0.0787729 118.878
0 0 -1
0.00292757 -0.0791969 119.055
0 0 -1
-0.788867 0.00438596 179.985
0.000992308 -0.0801868 119.679
0.000663886 -0.0807615 119.97
-6.66373e-06 -0.0812806 120.294
-0.000941144 -0.0817171 120.64
-0.00203409 -0.0819553 120.949
-0.00306304 -0.0816158 121.018
-0.00369195 -0.0798896 120.423
-0.0039803 -0.0765021 119.052
-0.00449809 -0.0721548 117.34
-0.00466136 -0.0655528 114.572
-0.00387514 -0.0569688 110.673
-0.00237993 -0.0455003 105.309
-0.000933169 -0.0346974 100.218
0.000679215 -0.0283929 96.9498
0.00285097 -0.0242246 94.3486
0.00536024 -0.0209781 91.9663
0.00782128 -0.0182405 89.7757
0.00983721 -0.0160492 87.9676
0.0110656 -0.0146642 86.8249
0.0114292 -0.0142241 86.4704
0.0114292 -0.0142241 86.4704
-0.129013 -0.114823 261.339
-0.00643612 0.0173006 83.8803
-0.00858359 0.013575 86.6679
-0.0140257 0.00872234 91.8529
-0.0206912 0.00246161 98.4311
-0.0197493 0.0122618 93.5493
0.00709011 0.0183186 73.9101
0.0761261 0.0350695 22.4163
0.0938784 0.0531142 3.39772
0.00370506 -0.141393 135.477
-0.0153752 -0.0635758 115.671
-0.0348256 -0.0236192 112.629
-0.0172572 -0.00854369 93.2826
0.00440911 -0.423472 285.061
0.00440911 -0.423472 285.061
-1.13967 5.30205 -2243.7
0.299988 -0.0507881 32.0917
0 0 -1
-0.0360532 -0.240642 214.588
-0.0365642 -0.237227 213.122
-0.0370641 -0.234141 211.805
-0.0370588 -0.23064 210.234
-0.0363505 -0.225705 207.902
-0.0340204 -0.220695 205.215
-0.0319344 -0.21524 202.342
-0.0301103 -0.209524 199.37
-0.0282132 -0.200376 194.815
-0.0251902 -0.191167 189.898
-0.0209525 -0.181901 184.551
-0.0182826 -0.173027 179.781
-0.0170313 -0.163663 175.195
-0.0168705 -0.148191 168.234
-0.0157828 -0.132677 160.915
-0.013605 -0.117123 153.144
-0.0101707 -0.101534 144.814
-0.00531589 -0.0859137 135.81
-0.00256017 -0.072909 128.802
-0.00106558 -0.0574354 121.206
0.00256792 -0.0419424 112.558
0.00845617 -0.0264343 102.721
0.0166927 -0.0109154 91.5626
0.0237661 -0.00061306 83.1983
0.0312305 0.00536893 76.4009
0.043098 -0.00137018 72.5987
-0.0116653 0.0056815 91.5972
-0.00696978 0.0283774 78.5913
0.00138071 0.0522562 62.5868
0.0466678 -0.228167 144.272
0.0534001 -0.156888 107.834
0.0526929 -0.150889 105.602
0.0443774 -0.0802113 80.1915
0.0244693 -0.0114926 63.9766
0.048295 0.0105733 36.7518
0.00455151 0.889569 -389.03
0.00455151 0.889569 -389.03
0.264103 -0.0521776 35.1948
0.273003 -0.0530742 35.0411
0.405933 0.746167 -343.705
-0.0332236 -0.241724 214.828
-0.034176 -0.237492 212.955
-0.0342335 -0.23417 211.416
-0.0341015 -0.230996 209.921
0 -0.344642 189.482
-0.028171 -0.220238 203.837
-0.027028 -0.215372 201.335
-0.0259233 -0.210224 198.696
0.00386222 -0.348358 190.141
0.00386222 -0.348358 190.141
-0.0115182 -0.181202 181.452
-0.0102946 -0.17328 177.398
-0.00928863 -0.165052 173.256
-0.00165111 -0.345146 190.364
-0.00165111 -0.345146 190.364
-0.00165111 -0.345146 190.364
-0.00165111 -0.345146 190.364
0.00777899 -0.0848123 129.711
0.00832755 -0.0740397 124.467
4.03716e-13 -0.344642 189.482
4.37487e-13 -0.344642 189.482
4.31402e-13 -0.344642 189.482
0.0292747 -0.00915713 84.188
0.0317345 -0.000323143 78.7652
0.0355955 0.00626255 73.5783
0.0375146 0.00817409 71.6275
0 0 -1
0.0474926 0.0430117 38.3739
0.0668176 0.0952755 1.86942
0.0890583 0.065062 2.01236
0.0260986 0.386394 -122.509
0.047704 -0.152128 109.488
0.632282 0.133344 -473.49
-0.0351823 0.133049 8.22806
0.0267089 0.00616355 54.4984
-0.0164524 -0.247603 216.029
-0.0164694 -0.247502 215.985
-0.0170422 -0.247301 215.917
-0.0186567 -0.247 215.874
-0.021747 -0.246598 215.927
-0.0267 -0.246096 216.17
-0.0303794 -0.238365 212.893
-0.0316509 -0.234092 211.013
-0.0308966 -0.230242 209.056
-0.0286132 -0.225508 206.408
-0.0262054 -0.220698 203.659
-0.0233094 -0.215962 200.797
-0.0193261 -0.208845 196.495
-0.0140623 -0.200146 191.055
-0.00993634 -0.191387 185.79
-0.00716432 -0.18257 180.805
-0.00430526 -0.174174 175.936
-0.000169644 -0.163439 169.481
0.0057293 -0.148234 160.221
0.0104579 -0.132985 151.251
0.0139544 -0.117697 142.64
0.0161815 -0.102373 134.451
0.0171217 -0.0870183 126.742
0.0199759 -0.0719235 118.293
0.0253625 -0.0562592 108.375
0.0295493 -0.0405756 98.915
0.0325474 -0.024877 89.9546
0.03437 -0.00916764 81.5345
0.0361917 -0.000207577 76.3011
0.037657 0.00578588 72.6454
0.0381756 0.0064319 72.0506
-0.0122408 18.7919 -8879.88
0.337525 9.23756 -4530.59
0.0965764 0.0883185 -13.7544
0.0961166 0.0709879 -5.21898
0.0932131 0.0727293 -4.12699
0.0913563 0.0735049 -3.23346
0.0905416 0.0735186 -2.67112
0.0902891 0.0735255 -2.49409
0.0902891 0.0735255 -2.49409
