37 38 3
38 39 3
39 41 3
41 42 3
42 44 3
44 46 3
46 47 3
47 49 3
49 50 3
16 50 3
16 52 3
16 54 3
54 55 3
55 94 3
60 94 3
60 62 3
62 64 3
64 65 3
65 66 3
66 69 3
33 69 3
33 72 3
50 52 3
60 135 3
62 135 3
33 71 3
71 72 3
68 69 3
66 68 3
93 94 3
60 95 3
63 64 3
55 93 3
94 95 3
62 63 3
95 135 3
47 48 3
48 49 3
39 114 3
41 114 3
72 73 3
54 92 3
55 92 3
69 71 3
50 88 3
52 88 3
45 46 3
45 47 3
49 86 3
50 86 3
52 89 3
95 171 3
16 89 3
93 95 3
42 43 3
44 45 3
135 173 3
62 173 3
43 44 3
54 91 3
16 91 3
65 67 3
66 67 3
92 93 3
62 99 3
67 68 3
37 156 3
99 173 3
38 156 3
42 114 3
38 114 3
91 92 3
95 173 3
63 99 3
64 101 3
89 91 3
63 101 3
65 101 3
45 84 3
47 84 3
88 89 3
65 102 3
69 109 3
71 109 3
48 84 3
101 102 3
67 102 3
114 156 3
48 86 3
44 118 3
43 118 3
45 118 3
86 88 3
69 180 3
72 110 3
73 110 3
109 180 3
72 109 3
43 114 3
68 180 3
109 110 3
114 152 3
43 152 3
99 100 3
63 100 3
152 156 3
89 127 3
91 127 3
100 101 3
118 152 3
91 166 3
93 131 3
86 125 3
88 125 3
91 203 3
92 166 3
92 131 3
166 203 3
127 203 3
45 157 3
95 131 3
173 209 3
84 157 3
99 209 3
67 214 3
68 214 3
48 123 3
86 123 3
118 157 3
84 123 3
89 125 3
123 125 3
171 173 3
84 120 3
109 146 3
110 146 3
120 123 3
180 214 3
146 180 3
120 157 3
89 164 3
131 166 3
125 164 3
127 164 3
152 154 3
100 209 3
118 154 3
131 171 3
161 164 3
154 157 3
125 161 3
102 249 3
101 249 3
67 249 3
154 156 3
180 219 3
146 219 3
136 173 3
219 256 3
136 171 3
136 209 3
129 203 3
127 129 3
129 166 3
100 138 3
101 138 3
100 211 3
138 249 3
214 249 3
209 211 3
138 211 3
131 205 3
166 205 3
120 154 3
123 161 3
249 251 3
171 205 3
214 251 3
154 159 3
120 159 3
156 159 3
214 253 3
251 253 3
123 159 3
214 217 3
136 205 3
180 217 3
219 257 3
217 253 3
256 257 3
219 255 3
180 255 3
136 211 3
217 255 3
156 161 3
248 249 3
219 258 3
156 346 3
161 238 3
164 238 3
138 248 3
257 258 3
123 156 3
156 238 3
238 346 3
255 256 3
156 237 3
127 238 3
129 238 3
234 237 3
166 241 3
205 241 3
129 240 3
166 240 3
310 346 3
205 243 3
136 244 3
237 346 3
240 241 3
136 243 3
136 245 3
238 239 3
129 239 3
239 240 3
205 242 3
243 244 3
244 245 3
136 246 3
211 246 3
211 248 3
246 248 3
241 242 3
245 246 3
234 346 3
217 254 3
253 254 3
242 243 3
313 346 3
254 255 3
249 288 3
251 288 3
256 292 3
156 259 2
238 313 3
255 292 3
156 260 3
156 261 3
245 281 3
244 281 3
246 284 1
248 284 1
256 293 3
260 261 3
292 293 3
259 260 3
156 262 3
156 265 3
237 265 3
253 289 3
253 291 3
254 291 3
261 262 3
156 263 3
156 264 3
239 313 3
248 285 3
251 289 3
257 293 3
262 263 3
263 264 3
249 285 3
258 295 3
264 265 3
289 291 3
284 285 0
257 294 3
257 295 3
294 295 3
240 277 3
241 277 3
243 281 3
293 294 3
243 280 3
280 281 3
245 284 1
239 277 3
242 277 3
277 313 3
288 289 3
255 291 3
307 346 3
242 316 3
277 316 3
242 280 3
249 323 3
277 315 3
281 284 1
284 318 0
315 316 3
291 292 3
281 318 3
280 316 3
285 323 3
260 296 3
288 323 3
259 296 3
277 314 3
313 314 3
265 346 3
346 383 1
291 328 3
294 330 3
292 328 3
293 330 3
280 317 3
262 300 3
263 300 3
281 317 3
261 300 3
291 327 3
284 323 0
288 325 3
327 328 3
323 325 3
289 325 3
295 332 3
260 300 3
314 315 3
294 332 3
265 338 3
316 317 3
289 327 3
292 330 3
264 300 3
264 338 3
317 318 3
330 332 3
300 338 3
296 300 3
327 365 3
300 336 3
296 336 3
328 365 3
346 349 3
259 333 3
330 367 3
296 333 3
332 367 3
338 346 3
328 366 3
313 350 3
314 350 3
289 326 3
292 366 3
314 352 3
315 352 3
318 536 3
284 536 0
323 536 3
326 327 3
325 326 3
330 366 3
307 344 3
344 346 3
346 350 3
314 351 3
351 352 3
349 350 3
351 389 3
352 389 3
316 353 3
317 354 3
318 354 3
332 369 3
316 352 3
316 354 3
367 369 3
350 351 3
323 396 3
352 353 3
353 354 3
396 536 3
325 396 3
296 335 3
335 336 3
303 346 3
318 391 3
333 335 3
365 366 3
346 496 3
391 536 3
366 367 3
354 391 3
326 365 3
325 437 3
396 437 3
353 391 3
336 338 3
350 387 3
351 387 3
367 405 3
326 437 3
303 338 3
366 404 3
367 404 3
335 338 3
399 437 0
369 405 3
353 390 3
365 404 3
404 405 3
346 387 3
353 389 3
390 391 3
365 401 3
365 441 3
404 441 3
387 389 3
326 401 3
401 441 3
389 390 3
383 457 3
391 428 3
391 429 3
428 429 3
429 536 3
401 479 3
346 457 1
346 495 1
387 424 3
441 479 3
383 495 3
389 424 3
401 437 3
333 334 3
334 335 3
302 338 3
302 335 3
457 495 3
390 428 3
346 424 3
424 462 3
389 462 3
389 427 3
390 427 3
404 442 3
405 442 3
389 463 3
437 586 3
401 586 3
302 334 3
302 303 3
424 496 3
427 428 3
462 463 3
510 536 3
396 510 3
441 442 3
303 457 1
424 461 3
427 463 3
461 462 3
437 510 3
442 479 3
460 496 3
479 586 3
405 479 3
346 460 3
460 495 1
461 496 3
437 472 1
460 461 3
382 457 1
457 494 3
334 605 3
303 382 3
382 494 1
302 605 3
302 484 3
303 484 3
479 515 1
428 541 1
429 541 1
536 541 1
499 510 3
427 541 1
472 586 0
472 510 0
510 541 1
510 586 3
494 495 3
463 541 1
460 498 3
461 498 3
586 587 3
499 586 3
479 587 3
462 541 1
484 605 3
495 498 0
495 570 0
498 570 3
479 591 3
461 572 1
499 541 1
498 572 1
425 572 1
499 575 1
462 572 1
499 587 3
605 636 1
605 816 3
382 567 1
494 570 0
425 570 1
462 499 3
499 585 3
382 570 2
581 585 0
499 574 1
499 577 1
574 575 3
303 605 3
382 425 3
499 876 3
479 588 3
425 462 3
588 591 3
382 566 1
570 572 1
587 588 3
566 567 0
382 605 3
462 535 3
585 618 1
499 535 3
425 535 3
588 589 3
589 591 3
585 876 3
535 609 1
585 587 3
499 649 1
605 818 3
816 818 3
535 643 1
587 589 3
585 878 3
587 878 3
535 876 3
535 687 1
535 685 1
425 605 3
535 870 3
585 691 1
425 818 3
535 686 1
589 696 1
535 684 1
816 851 3
686 687 3
535 721 1
684 721 1
589 882 3
587 882 3
535 874 3
686 723 3
687 723 3
535 723 1
425 829 3
535 715 1
874 876 3
715 829 0
425 715 1
585 874 3
535 829 3
818 851 3
878 882 3
589 886 3
585 765 1
585 764 1
535 756 1
535 830 3
829 830 3
882 886 3
818 855 3
585 913 3
851 855 3
535 869 3
878 913 3
818 829 3
869 874 3
878 879 3
879 882 3
818 822 3
585 912 3
882 884 3
822 829 3
874 912 3
884 886 3
830 869 3
912 913 3
874 908 3
830 905 3
869 908 3
908 912 3
869 905 3
828 829 3
830 904 3
829 904 3
904 905 3
851 858 3
912 948 3
913 948 3
913 915 1
879 884 3
817 851 3
817 855 3
878 915 1
822 855 3
879 955 1
884 955 1
817 858 3
822 857 3
855 857 3
869 906 3
879 915 1
906 908 3
884 885 3
885 886 3
913 949 3
913 950 3
879 954 1
948 949 3
915 950 0
954 955 3
879 953 1
912 946 1
915 953 0
953 954 3
905 906 3
908 946 1
912 947 3
947 948 3
946 947 0
949 950 3
904 941 1
908 945 1
829 941 1
905 941 1
906 943 1
906 945 1
829 857 3
905 943 1
945 946 3
915 952 0
950 952 3
952 953 3
884 992 1
955 992 3
885 992 1
905 942 1
941 942 3
942 943 3
817 857 3
906 981 2
945 981 0
829 978 1
941 978 0
954 991 3
955 991 3
950 988 3
952 988 3
943 981 0
953 991 3
991 992 3
949 987 3
950 987 3
947 984 3
946 984 0
948 984 3
952 990 3
953 990 3
945 982 0
948 985 1
990 991 3
941 979 0
942 979 0
946 982 0
984 985 1
949 985 1
987 988 3
946 983 3
949 986 3
952 989 3
981 982 3
982 983 1
983 984 0
985 986 0
986 987 3
988 989 3
989 990 3
885 1029 1
978 979 3
943 979 0
992 1029 1
829 1015 1
978 1015 1
978 1016 1
979 1016 1
979 1017 1
943 1017 1
981 1017 1
991 1028 1
992 1028 1
981 1018 1
982 1019 1
983 1020 1
984 1021 1
985 1022 3
986 1023 1
987 1024 1
988 1025 1
989 1026 1
990 1027 1
990 1028 1
1028 1029 3
1018 1019 3
1019 1020 3
1020 1021 3
1021 1022 3
1022 1023 3
1023 1024 3
1024 1025 3
1025 1026 3
1026 1027 3
1027 1028 3
1015 1016 3
1017 1018 3
1016 1017 3
