0.0455044 -0.02809 2.94852
-0.00825208 -0.015648 4.07308
-0.00965903 -0.0258042 4.20174
0.0294188 -0.0253681 1.31798
0.0177809 -0.0237432 1.84306
0 -0.0163925 3.76228
-0.00761958 -0.0300493 4.73152
0 -0.00184419 3.69947
0.0182846 -0.0238916 -0.0289367
0.0157095 -0.0160563 0.233152
0.0397573 -0.0210325 -5.92353
0.044879 -0.0418903 -8.59766
0.00314224 -0.0115398 2.47555
-0.283008 -0.0738891 92.531
-0.00685181 0.162493 2.27045
0.0103484 0.118054 -2.83298
0.00136082 0.00362095 1.21379
0.204891 -0.00255157 -82.5942
0.000449427 -0.0102503 2.47309
-0.00497977 -0.0111303 5.3888
-0.084798 0.00259528 44.7109
-0.00220332 -0.00519773 3.57234
0.0582444 0.00809443 -26.1964
0 0.213195 0.400996
-0.00877058 -0.00429237 7.1443
0 0.126928 0.579411
0 0.126928 0.579411
-0.0165335 0.121517 11.1794
-0.00840555 0.133906 6.15818
0.00142668 0.221129 -0.662943
0 0.219191 0.337029
-0.652344 2.69141 439.516
-0.0034235 -0.317172 10.8777
-0.00986703 0.0359573 7.81745
0.0041808 0.221592 -3.05822
-0.0133716 0.191943 11.6612
0 0.219191 0.337029
-0.00969802 0.0253365 1.4937
-0.0103832 0.0259447 1.47549
-0.00975095 0.0258172 1.41146
-0.0106979 0.0373236 1.0719
-0.00794905 0.0253552 1.26002
-0.00576486 0.0239104 1.04703
-0.00624616 0.0221557 1.19425
-0.0015667 0.0206178 0.524416
0.000607218 0.0173778 0.25356
0.00232934 0.0178121 -0.111971
0.0032191 0.015041 -0.233889
0.00284114 0.0125992 -0.0378845
0.00517005 0.0106478 -0.633318
0.00674016 0.00453621 -0.915448
0.00987785 0.00683056 -1.8121
0.00699864 0.00585646 -0.987721
0 0.0871999 -1.85933
0.00762263 0.00171766 -1.22075
0.00518261 0.000230299 0.048705
0.740212 0.383856 -339.074
-0.340195 0.187493 164.334
-0.00640415 0.00477255 5.47862
-0.00363003 0.00467791 3.94327
-0.00793699 0.00911277 6.18077
0.196062 0.0438447 -111.208
-0.0067953 0.0110242 5.42935
-0.00451756 0.0141263 3.94586
-0.00333017 0.0162266 3.21077
0.000703729 0.0182559 0.589498
-0.00263002 0.0228736 2.78772
0.00192844 0.0184269 -0.21598
-0.00102303 0.0253824 1.55599
-0.00727309 0.0315386 5.97526
-0.00918713 0.0344949 7.53075
-0.0102409 0.0357344 8.08791
-0.00836697 0.0415748 6.43785
-0.00555233 0.0488997 3.8618
0.00828818 -0.00931206 2.49459
0 0.0685583 -1.73433
0 0.105989 -4.40604
-0.0142092 0.0316596 1.6686
0.00389384 -0.0656953 5.31098
-0.0125686 0.137909 -4.54805
-0.00791433 0.120471 -4.01136
-0.0210041 -0.00950361 6.16026
0 -0.0927148 7.45168
0 0.105989 -4.40604
-0.00101195 0.0142338 0.807333
-0.112446 0.0294008 30.7218
0.00338329 0.00969543 -0.0344466
-0.045555 0.064222 12.0115
0.00722763 0.00613087 -1.12662
0.0048994 0.00924249 -0.33639
-0.123908 0.26178 34.2857
0.00515927 0.00894268 -0.522989
0.0105808 0.00875498 -2.79431
0.00302056 0.00630596 0.817094
-0.00143511 0.00377213 3.054
-0.00134997 0.0123965 2.67858
0.000157556 0.00641103 2.07016
0.00191076 0.0294872 -1.01189
0.117531 0.0142653 -65.8251
-0.00338889 0.0117951 3.36147
0.00014102 0.016075 0.924088
0.00175091 0.016442 -0.0463145
0.0026492 0.0174002 -0.675242
0.00218599 0.0638471 -3.6761
0.00243864 0.0640647 -3.91447
0.0201947 0.0305141 -14.849
0.00284101 0.0299163 -1.04079
-0.00492262 0.0308792 4.52958
0 -0.0793484 10.3085
-0.0042513 0.0431059 3.15888
-0.00386134 0.048188 2.56612
-0.0131295 0.0352298 1.34687
0.0129123 -0.00396057 0.82217
0.000821524 0.00582416 0.346118
-0.00936912 0.0254203 1.43476
0.00179555 0.00615697 0.170991
0.00166597 0.00613359 0.147913
0.00574777 -0.0837184 7.42463
-0.00453191 0.0206626 1.04008
0.0111828 -0.109759 8.47596
-0.00543208 0.0173981 1.57175
0.00479729 -0.108313 9.34884
-0.109766 0.0589844 27.9992
-0.00695805 0.0125665 2.56547
0.00175721 0.0184698 -0.322845
0.0028187 0.00905543 0.0216339
0.415565 0.174129 -156.093
0.00394911 0.0100562 -0.0535803
0.00692825 0.00737005 -1.23042
0.00779217 0.0219536 -2.83034
-0.960695 0.0529552 429.981
0.00267455 0.0133064 0.498392
-0.00162904 0.00960964 2.55547
0.000225534 0.00598071 2.00296
-0.22444 -0.0782173 134.464
-0.00803708 0.00897413 6.21588
-0.00616193 0.0259769 3.48049
0.00336359 0.0215092 -1.92818
0.000698262 0.0182272 0.395848
0.00909372 0.0177974 -6.17374
-0.000508494 -0.0477941 6.45741
-0.00403718 -0.0446887 8.78629
0.000254212 -0.0504879 6.15166
0.00244141 0.00246603 3.24211
0.194792 -0.0124904 -145.165
0 -0.00359035 5.61619
-0.000313024 0.0311239 1.03412
0 -0.00359035 5.61619
-0.0154474 0.0332751 1.63336
-0.0144526 0.0335468 1.58188
-0.0158086 0.0321849 1.78073
-0.0163969 0.0307678 1.94005
-0.00957502 0.0242829 1.58841
-0.0121604 0.0230866 2.10069
-0.00866216 0.0221104 1.71656
-0.00742899 0.0202557 1.73399
-0.00958973 0.0197814 2.17784
-0.00368252 0.0179195 1.12029
-0.00622989 0.00909616 3.05275
-0.00837003 0.0169653 2.30707
0.04216 0.299771 -43.7031
-0.00599775 0.0140608 2.36748
0.0739779 -0.00664 -22.1575
0.822844 0.0427099 -291.177
0.00611268 0.00861437 -0.679618
0.00994833 0.0244436 -4.31164
0.0126959 0.0165282 -4.52804
0.00512711 0.0338989 -3.29446
-0.157687 0.0902271 71.0993
0.362079 -0.018513 -180.095
-0.00378805 0.0638262 -3.31778
-0.00186106 0.0144228 2.40388
0.278833 -0.00438669 -156.325
-0.00508612 0.0127801 4.31735
0.000861313 -0.145789 16.6654
0 0 -1
0.00042491 -0.145297 16.8617
0.00950323 0.0185732 -6.52163
0.00254251 -0.145594 15.5502
0.0118643 0.0141018 -7.7912
0.00594034 0.0146819 -2.12673
-0.0114324 0.023463 10.163
0.0182292 -0.000976562 -11.8294
0 -0.0182603 6.93993
0 -0.0182603 6.93993
-0.0111536 0.0246149 2.7293
-0.0200366 0.0300616 2.35229
-0.0195291 0.08359 -7.342
-0.0113875 0.0885094 -8.22204
-0.0158748 0.0122772 4.1031
-0.0104986 0.0315365 0.502591
-0.00702753 0.0076362 3.4632
0.00242832 0.0345645 -2.21768
0.00231154 0.0345825 -2.15018
0 0.0773953 -7.86075
-0.00236101 0.0226953 0.53506
-0.000993764 0.0113402 1.76768
0.00197472 0.0229388 -1.05041
0 0 -1
0 0 -1
0 0 -1
0 0 -1
0 0 -1
0.00702819 0.0117961 -1.48489
0 0 -1
0.00293573 0.0259909 -0.95674
0.00486261 0.0600309 -6.2152
0.00138669 0.0501472 -3.2902
-0.0170569 0.0712801 3.61366
-0.0016657 0.0153235 1.95079
0.0132716 -0.292568 33.6383
-0.00281909 0.0221391 2.05195
-0.00201284 0.0164553 0.648502
0.0106438 0.0504097 -12.3863
-0.002675 0.0134698 3.64027
0.0104709 0.0176914 -6.88879
0.101849 -0.0255237 -69.1798
0.0104496 0.00533724 -4.44313
-0.00773379 -0.0142038 11.2671
0.0188329 -1.75334e-05 -11.8518
0.0313839 0.0081615 -23.6017
0.07109 0.0181321 -57.8833
0.432399 0.286037 -43.4185
-0.0805354 -0.0617859 18.5491
-0.0297122 0.0343783 2.51371
-0.00178138 -0.0411141 12.246
-0.0390195 0.0112771 7.40156
0 0 -1
-0.00702711 0.0334654 -0.237367
0.0701138 0.0913829 -22.1604
-0.0129026 -0.0069869 8.062
0.0019315 0.0244101 -0.532239
-0.00569237 0.00118399 4.81231
-0.00267677 0.00951237 2.73941
9.67445e-06 -0.0104518 5.11909
0.00125153 0.00171998 2.19659
0.0140776 0.0116311 -3.88138
-0.00695315 0.00892306 3.34889
-0.0016285 0.00888428 2.16795
0.0254929 0.0122236 -7.9846
0.0127923 0.0398286 -6.79611
0.0192378 0.0389973 -9.87893
0.0286457 0.04734 -15.237
-0.00201027 0.0688439 -3.50243
0.00768098 0.0766798 -10.4301
-0.0203767 0.0631221 6.7954
-0.004953 0.0306673 2.08945
0.0896322 0.0603356 -43.4027
-0.0072639 0.0293459 3.96676
0.00132045 0.0167586 0.282257
0.00331453 0.0231047 -2.1382
-0.00597189 0.015314 5.89038
0.00100552 0.0277417 -1.30002
-0.0125453 0.00954009 11.4072
-0.00126179 -0.0116611 5.95157
-0.00425621 -0.0072668 7.27977
0.0253455 -0.00865376 -16.9535
0.053011 -0.0028909 -39.8349
0.0457195 0.00661292 -34.6473
0.0204449 0.0126918 3.02934
-0.0122996 0.0249381 2.30931
-0.0297299 0.0350238 2.68713
-0.0176587 0.0277424 2.09258
-0.0102977 0.024901 1.81933
-0.00909452 0.0213106 2.3201
-0.011349 0.0181315 3.1464
-0.00823765 0.00394513 4.85987
0 0 -1
-0.000348188 0.0943088 -13.4372
-0.000107937 0.000735455 3.61271
-0.00948139 -0.0156338 9.19064
-0.0303756 0.00539659 11.1257
0.0056709 -0.00600904 1.96039
0.011988 0.0109169 -2.89793
0.0112837 0.00160063 -1.10798
-0.00951108 -0.142241 32.5341
0.0126154 -0.00800838 0.434131
0.0282427 0.00572582 -8.36298
0.0400649 0.0153242 -15.4207
0.0268169 0.0179018 -9.51594
0.0262681 0.0109251 -8.3224
0.0129663 0.0404904 -6.86885
0.00949258 0.0470949 -6.47867
-0.0101024 -0.0191659 16.825
0.0375021 -0.125857 18.2122
-0.00976906 0.0363759 5.59489
0 0 -1
-0.00745856 0.0286803 4.66754
0.0024631 0.0270861 -1.09985
-0.0146292 0.0141799 13.0814
-0.0397655 0.0148588 30.0089
-0.0190724 -0.00288196 17.8575
-0.00963293 -0.00697778 10.9665
0.0394155 -0.00227546 -29.05
0.0561873 -0.0142758 -40.7084
0.0721526 -0.0148097 -53.9564
-0.0042545 0.00220784 5.95888
0 0 -1
0.00747354 0.0472914 -6.13181
0 0 -1
-0.0138589 0.0119637 4.87864
-0.0043367 0.0275231 1.02905
-0.00767339 -0.00803253 8.39768
-0.00969945 -0.000409667 6.37828
-0.00537931 -0.0121112 7.20958
0 0 -1
-0.000329831 -0.00770094 5.24653
-0.0133171 -2.22891e-05 7.62258
-0.00727132 -0.00587103 6.05461
0 0 -1
0.0100126 0.00176988 -0.428675
0.014563 0.00102355 -2.17586
0.00633473 -0.0360726 8.67771
0.0149518 -0.000582717 -2.05265
0.0298327 0.00187664 -8.95629
0.0379523 0.0059431 -12.9888
0.0283162 0.00825519 -8.681
0.00703704 0.0108372 1.60005
-0.00855259 -0.00889525 14.0913
-0.0393636 -0.0136204 30.9802
-0.00741484 -0.00441843 12.8055
0.0206672 0.120249 -29.7128
-0.0267344 0.0201117 19.3094
-0.0105068 0.014807 9.4066
-0.00068097 0.116393 -15.8841
-0.00879537 -0.00862651 13.1079
-0.0215083 -0.0157918 23.4473
-0.0429709 -0.0134527 38.9811
-0.0362839 -0.0056947 31.2091
-0.00617546 -0.0196819 10.7533
0.0270822 -0.0195271 -16.228
0.0510434 -0.0197638 -35.6493
0.0656193 -0.006985 -50.0613
-0.00403119 0.000215771 6.23868
-0.00643144 -0.008527 8.43308
-0.0066006 -0.00661089 8.05994
-0.00759192 -0.000770411 6.85185
-0.0175876 0.439564 -87.6346
-0.0152192 -0.000404023 7.92685
0.0120495 0.0279678 -4.68621
0.0247223 0.0264632 -6.79782
-0.00725222 0.00413769 3.94646
0 0 -1
-0.212531 -0.249113 156.232
-0.0143194 0.00763397 6.3184
-0.0105194 0.00692734 3.83971
-0.00165135 0.00383793 2.36166
-0.152344 -0.203125 213.473
0.277165 -0.10364 -69.5701
0.0112918 0.00805157 -2.41441
0.0122878 0.00246209 -1.57039
0.0527948 0.0112085 -20.6721
0.0353675 0.0161713 -13.3394
0.0115078 -0.00251835 1.81524
0.00539594 0.00362007 3.62815
-0.0133116 -0.0331454 21.2031
0.00166292 -0.00439894 7.71753
-0.0280178 -0.00397301 24.3386
0.284418 0.186113 -194.939
0.532525 0.0905082 -325.8
0.207651 -0.121553 -88.1715
-0.135843 0.427402 147.456
-0.0755935 -0.00892989 219.262
-0.0141846 -0.0340938 21.9922
-0.0287269 -0.0296853 30.9339
-0.0235161 0.0172184 16.5645
-0.0024248 -0.00500579 4.87671
0.0341001 -0.0117577 -23.3514
0.0562188 -0.00406898 -43.2455
0.0688361 -0.0154081 -50.7729
0 0.0857891 92.3917
0.00503787 -0.104205 139.042
0 -0.0854126 134.312
0.0184514 -0.0724951 129.701
0 0 -1
0 -0.0403933 123.455
0 0.131265 81.2152
0 -0.0362739 122.287
0.000268493 -0.0352963 121.99
0 0 -1
-0.00656583 -0.0785978 134.395
-0.0277753 -0.00981738 13.0192
-0.00433621 -0.000100125 5.2606
-0.0745226 -0.123286 165.908
-0.213695 -0.121138 210.181
-0.667131 0.022748 332.374
-0.00306062 0.0192679 0.348837
0.0171715 0.00294606 -3.71447
0.0529112 -0.0484402 -5.81819
0.0275764 -0.0274254 0.641638
0.00657335 -0.0150468 7.328
0.0016446 -0.00954415 8.5365
0.0181021 -0.00523096 -1.03019
0.00123623 -0.0107489 9.55463
-0.0139423 -0.0215257 20.8037
-0.0213938 -0.0150568 23.4869
-0.0189696 -0.0160055 21.4728
0.00716346 0.225256 -52.9479
-0.388647 -0.0725398 436.885
-0.162654 0.315739 169.212
0.000254538 0.0488349 -7.80385
-0.0150632 -0.010779 17.2548
0 0 -1
-0.0164996 -0.00197769 16.1235
-0.00411533 -0.0039996 6.29612
0.00529279 -0.00897699 0.618447
0.474807 0.0830627 -336.901
0 -0.204131 166.736
0 -0.243718 177.724
-0.0133344 -0.244281 178.737
-0.00135255 -0.245835 178.406
0 0 -1
0.000944567 -0.25106 179.7
0 -0.208399 167.956
0.0473334 -0.139685 143.998
0.041745 -0.137676 144.516
0.00069608 -0.226715 173.386
0.163077 -0.082977 94.6833
-0.0166016 -0.170451 162.195
0 -0.0621037 127.026
-0.12867 -0.123819 183.974
-0.000582953 0.134428 -29.9229
0.000976026 0.133078 -30.1131
0.143452 0.117555 -83.6162
0.0120193 -0.00205744 -0.20784
-0.00213926 0.00276986 3.31128
0.0430326 -0.0630219 2.71117
0.022021 -0.0329914 4.76507
0.022781 -0.0263791 1.91665
-0.00442128 -0.00520268 11.1092
-0.0844679 -0.0557719 67.4192
-0.0185404 -0.0228136 23.7637
-0.0234645 -0.057553 37.5627
0 0.020211 2.03755
0.00654455 -0.0302909 11.7415
-0.390416 -0.0771993 439.195
-0.084819 -0.17441 226.454
-0.0166338 -0.0173634 20.2456
0.00147561 0.0591208 -14.3953
-0.00788559 -0.00916551 10.7896
0.637147 -0.00643392 -499.114
-0.0114241 -0.00548277 12.796
-0.00223798 -0.00924612 6.48767
0.495046 0.0852445 -354.826
0.0272734 -0.198647 165.838
-0.027973 -0.240833 180.152
-0.0391844 -0.196601 168.012
0.0058927 -0.0317555 117.766
0.0342749 -0.172537 154.808
0.0268588 -0.177045 156.485
0 -0.193983 164.831
0 -0.224838 174.335
0.005138 -0.232079 173.96
0.00816318 -0.215929 168.637
0.0115848 -0.200522 163.39
0.00533709 -0.143562 148.437
0.0392083 -0.0983743 124.149
-0.0570458 -0.12582 162.095
-0.0963795 0.0703819 23.5468
0.17611 0.207181 -112.135
-0.000305485 0.0150292 -0.388033
-0.0108366 0.0137132 4.14296
0.000870445 0.00669162 0.437841
0.0194247 -0.0173273 0.0754024
0.0932126 0.369879 -147.671
0.141304 0.331357 -152.553
0.0274527 -0.0871453 16.0295
0.0757291 -0.0142658 -29.9156
0 -0.0229481 14.1025
0 -0.0229481 14.1025
0 -0.0229481 14.1025
0 -0.0229481 14.1025
0.19765 -0.539115 132.702
-0.237036 -0.209741 342.63
0 -0.135069 142.287
0.0329534 -0.164982 126.651
-0.0374512 -0.161963 178.912
-0.00758492 -0.0100096 10.9881
0.410473 0.230017 -297.662
-0.00931909 0.000625406 9.03885
0.46913 0.255757 -380.711
0.00538358 -0.00769962 106.268
0.00531403 -0.00900709 106.688
0.00493451 -0.0102694 107.105
-0.00650462 -0.00396146 6.88778
0 0 -1
1.4879 1.77296 -674.458
0.0537143 0.0341559 83.4326
0.0372936 0.0247567 89.2487
0.0213862 0.0194731 93.8367
0.0135176 0.02484 93.6892
0.0581128 0.0170927 92.9396
-0.0158672 -0.106756 143.133
-0.0277733 -0.073504 135.979
-0.0680998 -0.0954852 155.974
-0.10571 -0.0984771 167.628
0.00346495 0.00993232 -0.336707
0 0.0318714 -7.44162
0.00487419 0.0451802 -11.6423
-0.000900731 0.0044129 2.60698
0.237436 0.0716384 45.6961
0.252869 0.0751569 37.3065
0 -0.529159 259.981
0 -0.547121 265.708
0 -0.547121 265.708
0 -0.547121 265.708
0 -0.547121 265.708
0.00481823 -0.546058 262.399
0.10625 -0.389062 145.419
0.22177 -0.543702 117.785
-0.0139045 -0.0198239 19.159
0.403125 0.009375 -184.647
-0.017554 -0.00626423 17.6938
0.0599891 -0.381809 190.019
-0.140331 -0.386929 346.811
0.448385 0.228485 -328.032
0 0.0284801 104.634
-0.0105442 0.0308565 112.879
0.00430118 -0.0078324 106.326
0.00398985 -0.00907681 106.757
0.00367963 -0.0102156 107.159
0.00367963 -0.0102156 107.159
0.426282 0.786639 -217.403
0.429569 0.78206 -216.21
0.0417058 0.0326248 85.8953
0.0299062 0.0253842 90.3304
0.019327 0.021582 93.5672
0.0172039 0.0252161 92.7568
0.131457 0.286927 -14.52
-0.0263423 -0.0956556 142.528
-0.0433603 -0.106521 151.28
-0.163525 -0.10126 187.75
-0.0999602 -0.100592 166.885
0.00767759 -0.00850166 2.86973
-0.000385955 -0.00226697 3.78804
0.00215442 0.0118633 -1.875
-0.0195654 -0.0118555 21.0091
6.16745e-05 -0.0170601 8.16247
0.503203 -0.859618 225.256
-0.00298375 -0.197426 142.939
-0.00298375 -0.197426 142.939
0.356029 0.0458579 -141.947
0.00733636 0.200073 0.0735493
-0.0099598 0.19851 10.9351
0.0143221 0.207768 -7.37926
0.00307927 0.194747 4.20176
0 -0.107118 112.226
-0.0888021 -0.0317708 149.903
-0.0123125 -0.591364 293.051
0 -0.8012 357.855
0 0.603906 -22.1586
0.316406 -0.394531 -9.97266
0 0.603906 -22.1586
-0.00658653 -0.811368 366.901
0.0932446 -0.713604 247.407
-0.00601714 0.167726 24.5607
-0.0066132 0.163165 26.232
-0.00580777 0.154184 29.4456
-0.000468699 0.141573 33.6439
0.00947138 0.126506 38.2344
0.0145012 0.116335 41.364
0.0176306 0.105513 44.8886
0.0169576 0.0993731 47.2421
0.016707 0.0969288 48.1534
0.0198598 0.0967327 47.4967
0.0303149 0.0978104 44.5416
0.274588 0.205176 -59.6868
-0.209044 -0.020415 158.106
-0.163793 -0.0220197 145.104
-0.00170997 0.216423 5.98661
0.0664132 0.161806 -73.9227
0.231331 0.0859374 -37.6194
-0.000258637 0.145252 32.5313
-0.0427961 0.0717857 79.2481
-0.0242919 0.0638769 73.5426
-0.0134895 0.109333 52.3206
-0.0277633 0.0636702 75.5691
0.0440291 0.0372812 47.1975
0.372341 0.0834984 -164.336
0 0.321731 -85.1148
0.0314825 0.252165 -79.1049
0.00185795 0.109514 -7.74621
-0.0173277 0.23963 -43.6829
0.0843529 -0.407124 126.713
0.100536 0.0801338 -63.0486
-0.00281371 0.0154912 -0.892477
-0.0102195 -0.0069283 12.5803
-0.00807485 0.00406586 7.17151
-0.00774786 0.00449458 6.79132
-0.00750858 0.00234673 7.47844
0.113373 -0.33644 38.9378
-0.00407387 0.00467661 3.80044
0 0.280599 -68.3711
0.499303 0.170647 -49.1983
-0.127288 -0.247433 143.602
0.000529534 0.169647 -25.122
0 0.163672 31.8347
0 0.168111 -24.5087
0 0.163672 31.8347
1.02532e-14 0.168111 -24.5087
1.30234e-15 0.168111 -24.5087
-8.07176e-15 0.168111 -24.5087
0.133261 0.100099 18.2375
0.258185 0.189066 -49.1402
-0.175944 -0.0528994 160.16
-0.0043915 -0.00306743 6.34087
0 0.077846 65.9305
0 0.285091 -16.4838
0.238103 0.0563459 -20.6591
-0.090351 -0.00371733 134.596
0.212776 -0.0366545 19.7017
0 0.403346 -78.5924
-0.136625 -0.318389 291.397
1.55162e-12 0.253338 -21.1197
1.61668e-12 0.253338 -21.1197
0.165581 0.125243 -63.9975
-0.0919035 -0.539205 342.441
0.0142587 0.0493553 51.5393
-0.0284127 -0.00443421 178.135
0.0278585 0.298718 -94.3087
0.0115658 0.0284477 59.9254
-0.00682479 0.0220644 74.9287
0.00158673 -0.0177254 84.5923
-0.00645968 0.00681091 80.9376
0 -0.0145597 84.4933
0.0509758 -0.0879717 40.0494
0 0.253268 -19.532
3.50903e-07 -0.0145597 84.493
0 -0.0145597 84.4933
-0.0194918 0.340424 -17.2279
-0.00163033 -0.185692 194.815
-0.00192455 -0.186449 195.146
-0.00292491 -0.18744 195.627
-0.00407994 -0.188242 196.063
-0.00472997 -0.188642 196.302
-0.00472997 -0.188642 196.302
0.270197 -0.0675835 90.2973
0.452348 -0.0151212 33.9808
-0.00459389 -0.462574 308.404
-0.00459475 -0.462574 308.404
-0.00459578 -0.462574 308.404
-0.00459578 -0.462574 308.404
0.00736791 -0.0234543 126.737
0.0275713 0.307072 -14.1313
-0.0254612 0.109782 56.0132
-0.00260025 0.118265 44.2765
0.0182158 0.123042 33.9084
-0.00554214 0.128029 41.7067
0 0.131017 38.0994
0.217711 0.130102 -66.6411
0 0.183057 17.7656
0.0701107 0.682291 -271.699
0.219618 0.776107 -391.692
-0.00391442 0.187271 18.2847
0.0462522 -0.180809 298.762
-0.0041154 0.0421318 144.326
0.0279469 0.300185 -94.9418
0.0274392 0.300026 -94.5489
0.0275733 0.299562 -94.4534
0 -0.129743 305.429
0.00692408 0.203533 -42.1082
0.00677375 0.20298 -41.7612
0.00554288 0.201928 -40.3644
0.00453446 0.203763 -40.3134
0.00442326 0.204612 -40.5716
0.00442326 0.204612 -40.5716
-0.000690549 -0.0845943 286.27
-0.000732992 -0.0848024 286.361
-0.000731087 -0.0849783 286.437
-0.000529888 -0.0845836 286.25
-0.000297057 -0.082864 285.48
-0.000474559 -0.0790855 283.856
-0.000993555 -0.072788 281.18
-0.000510672 -0.0639175 277.216
0.00316616 -0.0528737 271.683
0.011634 -0.0403951 264.427
0.0234424 -0.0272359 255.911
0.0353848 -0.0140435 247.089
0.00401061 -0.0836087 284.611
0.0228531 -0.0722567 273.768
0.00397332 -0.0833999 284.336
-0.0141682 -0.0693789 284.935
-0.00424525 -0.136759 310.989
0.0154499 -0.0621447 270.286
-0.0581626 -0.0477098 294.722
-0.233341 -0.0435196 375.316
0.0394881 -0.000417841 232.814
0.0330118 0.00264463 234.611
0.0095449 0.170476 172.526
-0.00173705 0.158603 183.906
-0.00182489 0.159709 183.492
0.069721 0.122338 156.966
-0.00718375 0.152355 189.935
-0.00767238 0.145755 193.111
-0.00738085 0.142456 194.355
-0.00738085 0.142456 194.355
-0.110437 0.0723008 136.009
-0.000124018 0.15331 185.323
-0.00054257 0.152765 185.882
-0.00184297 0.152034 187.213
-0.00325648 0.151378 188.626
-0.00382742 0.151234 189.155
-0.00382742 0.151234 189.155
-0.00525361 0.277716 -37.5112
-0.00594159 0.281183 -39.081
-0.00778193 0.286102 -41.2579
-0.00895266 0.290582 -43.2494
-0.00762225 0.293381 -44.6799
-0.00352446 0.294103 -45.5043
0.00158697 0.29308 -45.7497
0.00566179 0.291071 -45.4854
0.00775988 0.288916 -44.8767
0.00821101 0.287263 -44.2067
0.00810458 0.286436 -43.8012
0.00810458 0.286436 -43.8012
0.074479 -0.0141061 235.844
0.0589809 -0.0249706 245.342
0.0216399 0.270938 -42.1722
-0.00496604 0.214828 -7.00959
0 0.389915 -89.9975
-0.0386467 0.313265 -38.2575
-0.0568522 0.091329 237.464
-0.0909104 -0.0302099 303.902
0.0283678 0.00213199 237.141
0.18082 0.0846354 123.516
-0.00615227 0.214135 -5.23107
0 0.2177 -10.23
-0.0194837 0.123173 46.2696
-0.0215398 0.121522 48.3394
-0.0250682 0.107403 56.9608
-0.0221399 0.103541 56.8209
-0.00903557 0.110446 45.1122
-0.00853157 0.116244 42.1485
-0.10953 0.0717902 135.67
-0.0496578 0.107266 75.8015
-0.00321491 0.13776 28.1034
-0.00026948 0.136722 26.3032
0.00126021 0.136126 25.36
0.00205569 0.135692 24.9116
0.00205569 0.135692 24.9116
-0.0211299 -0.229072 175.275
-0.0211299 -0.229072 175.275
0 -0.00651042 80.4824
1.78009e-13 -0.326244 221.416
1.8163e-13 -0.326244 221.416
0 -0.00651042 80.4824
-0.00147482 -0.0147434 69.4558
-1.71697e-15 -0.00651042 80.4824
1.7658e-14 -0.00651042 80.4824
2.67843e-14 -0.00651042 80.4824
-0.00189252 -0.192327 157.359
-0.00234735 -0.191661 157.157
-0.00260955 -0.193302 158.016
0.0125164 -0.310812 209.745
0 -0.00651042 80.4824
0 -0.326244 221.416
0.0845199 -0.00605286 31.2158
0 -0.610955 358.845
0 -0.00651042 80.4824
-0.122995 0.0482939 118.627
-0.0365339 -0.00539442 105.546
0.000126593 -0.125835 137.098
0.00236474 0.18489 -11.6256
0.00366916 -0.0711011 109.641
0.0285773 -0.0675976 93.9512
0.0356507 0.0153938 65.0448
0.00100343 -0.0200859 99.8452
-0.0333598 0.0996265 65.7281
1.81061e-12 -0.142944 146.729
1.89362e-12 -0.142944 146.729
-0.0823531 -0.352174 316.642
0.00504599 -0.148363 145.59
0.117188 0.101562 -119.559
0.191482 0.0212379 -85.8592
0.25441 -0.101799 -77.144
-0.0390901 0.0262544 101.834
-0.0390901 0.0262544 101.834
-0.00754615 0.0652252 -32.1447
0 -0.0174632 70.556
0 -0.0174632 70.556
0 -0.0174632 70.556
0 -0.0174632 70.556
0 -0.0174632 70.556
0 -0.0174632 70.556
-0.0015329 -0.0145453 69.3667
-0.00120818 -0.0136434 68.8458
-0.000945875 -0.0124309 68.1747
-0.000602678 -0.0115439 67.6422
0.000332665 -0.0103952 66.8155
0.000505964 -0.0146468 68.939
0.000505964 -0.0146468 68.939
0 -0.0174632 70.556
0 -0.0174632 70.556
0.10624 -0.00154117 20.3897
0 0.347807 -115.265
0 -0.0414807 82.7902
0.1581 -0.198923 82.115
-0.318091 -0.126725 272.339
-7.37192e-05 -0.0413428 82.7574
-8.7163e-05 -0.0416593 82.9273
0 -0.0414807 82.7902
-0.143899 -0.102537 382.244
3.74013e-14 -0.0414807 82.7902
3.74013e-14 -0.0414807 82.7902
0 -0.0957031 296.172
1.03138e-13 -0.0414807 82.7902
2.0796e-14 -0.0414807 82.7902
-2.10335e-14 -0.0414807 82.7902
0 0 -1
-0.407287 0.511869 72.5973
-1.41292e-13 -0.0414807 82.7902
-1.72984e-13 -0.0414807 82.7902
-4.95756e-14 -0.0414807 82.7902
4.48488e-14 -0.0414807 82.7902
0 0.139453 -69.4633
0 0.139453 -69.4633
-0.000865733 -0.00453872 6.42075
0.00477017 -0.00108916 4.28316
-0.001525 -0.000768479 4.81593
0 0.139453 -69.4633
0 0.139453 -69.4633
0 0.139453 -69.4633
0.00285848 0.00299282 2.26897
0 0.139453 -69.4633
0 0.139453 -69.4633
0 0.139453 -69.4633
0 0.139453 -69.4633
0 0.139453 -69.4633
0.00408028 0.00873526 -0.994894
0.00398936 0.00875068 -0.953264
0.00638446 0.0182529 -6.43696
0 0.139453 -69.4633
0.0552383 0.087506 -66.3475
-0.00209563 0.0262732 -8.64921
0 0.0179687 -5.27461
0.00182444 0.0214618 -8.00809
0 0.0179687 -5.27461
0 0.0179687 -5.27461
0.284916 0.470396 -160.941
0.0860917 1.2936 -477.562
0.0710953 1.37779 -513.609
-0.0471455 1.22841 -361.171
0.0249185 1.26755 -430.441
0.0249185 1.26755 -430.441
0.0249185 1.26755 -430.441
0.0117032 17.7378 -9124.72
0.732675 9.45817 -5301.25
0.41698 5.3521 -2895.81
0.143333 3.26739 -1581.54
0.0449405 2.26997 -977.262
0.0449405 2.26997 -977.262
0.00134316 -0.00234058 5.21738
-0.00703516 0.0114226 -3.75155
-0.00392635 0.00630196 -1.18386
-0.005862 0.0444082 -21.0622
0.00253606 0.000749323 3.52272
-0.00434 0.0236844 -10.0149
0.00464243 0.00355014 1.66573
0.00361144 -0.0021276 4.99461
-0.00306483 0.0875826 -44.4492
0 0.0222471 -9.00642
-0.00507387 0.0972561 -49.3634
-0.0087207 0.112206 -56.7287
0.00121335 0.117258 -62.4385
0.0180321 0.107541 -62.1774
0.0327373 0.175647 -105.008
0.154861 -0.280425 112.273
-0.098355 0.126442 -23.809
0.0751097 0.0058314 -25.4041
0.00192218 0.0210769 -6.28893
0.00215442 0.0118633 -1.875
0.00385398 0.10844 -57.1013
0.00687704 0.110658 -59.7958
0.00814704 0.0107786 -5.57998
0.00249654 0.0183516 -5.01384
-0.00323845 0.0117913 0.438748
0.0010944 0.0121421 -1.51705
-0.0424423 0.0624205 -3.40915
-0.0110636 0.00621053 8.28647
-0.00830099 -0.000295812 9.45181
0 -0.0780222 47.6515
-0.013407 0.052994 -15.6568
-0.00892232 0.00236569 8.54306
0 -0.0744903 45.7368
-0.00880936 0.000701026 9.28239
-0.00874075 0.000848119 9.14523
-0.00847415 0.00109022 8.82029
-0.0101139 0.0624133 -23.354
-0.0070008 0.0140689 -5.14561
-4.10994e-13 0.238281 -101.37
-4.67741e-13 0.238281 -101.37
4.21019e-14 0.238281 -101.37
6.69516e-15 0.238281 -101.37
3.02629e-14 0.238281 -101.37
5.48349e-14 0.238281 -101.37
0 0 -1
-0.000264064 0.221433 -91.6265
6.48884e-05 0.217553 -89.4674
0.00190143 0.210399 -85.7812
0.00430796 0.201046 -81.0038
0.00577507 0.191507 -75.8993
0.00470097 0.183025 -70.6601
0.00116688 0.176441 -65.6926
0.217885 -0.10603 20.9608
0.0117622 0.0192048 -8.65423
-0.00190855 0.0377128 -13.1749
-0.00203721 0.0351533 -11.6808
-0.0163968 0.0960713 -40.6692
0.00474374 0.029855 -11.8762
0.00632248 0.109109 -58.579
-0.00724528 0.041578 -12.9082
-0.00233474 0.0276504 -7.77552
0.00457353 0.0281751 -10.9902
0.00238339 0.0381345 -14.9414
0.0100096 0.280079 -157.759
0.0370455 -0.689642 416.406
-0.00638025 0.213086 -107.994
0.000364684 0.227725 -120.619
0 0.224219 -118.365
0.000930062 0.224051 -118.963
0 -0.876873 549.661
0 0.224219 -118.365
0 0.224219 -118.365
0 0.224219 -118.365
0 0.224219 -118.365
4.64159e-05 -0.0369407 49.129
4.64159e-05 -0.0369407 49.129
4.64159e-05 -0.0369407 49.129
7.5299e-05 -0.0369437 49.1289
9.20535e-05 -0.0369429 49.1269
0.000100187 -0.0369442 49.1268
0.000100187 -0.0369442 49.1268
-1.40309e-05 -0.0370021 49.1805
-8.5543e-05 -0.0369909 49.187
-0.000114511 -0.0369719 49.1814
-0.00010189 -0.0369483 49.1641
-6.6036e-05 -0.0369229 49.1395
-2.92873e-05 -0.036898 49.1142
-4.22371e-06 -0.036875 49.0928
6.64717e-06 -0.0368551 49.0774
8.49567e-06 -0.0368387 49.0669
6.17551e-06 -0.0368183 49.0556
6.17551e-06 -0.0368183 49.0556
6.17551e-06 -0.0368183 49.0556
0.0149083 -0.0334354 39.6107
0.0129709 -0.013103 28.221
0.012999 -0.0130144 28.1527
0.0118323 0.0386014 -20.4561
0.00999092 0.0432865 -22.0445
0.0394826 0.0695582 -53.8151
0.0404135 0.0772278 -58.5753
0 -0.0463423 45.149
0.0283588 0.123606 -78.3295
0.0117062 0.155439 -86.4045
0.0106246 0.157178 -86.7715
0.0112121 0.156045 -86.5196
-0.000365684 0.116794 -55.6105
0.000923549 0.116447 -56.383
0.00508942 0.111209 -56.4771
0.00647252 0.109227 -56.3927
-0.00493013 0.0937615 -37.5403
0.00674705 0.108587 -56.24
0.0202849 0.155423 -82.6937
0.0202848 0.155423 -82.6937
0.0202847 0.155423 -82.6937
0.0202847 0.155423 -82.6937
0.0190991 0.155926 -82.9179
0.0190991 0.155926 -82.9179
0.000219014 0.193559 -104.013
-0.00396973 0.207598 -112.115
-0.00363661 0.222713 -121.634
-0.00021741 0.239015 -132.537
0.00353041 0.256208 -144.141
0.00624185 0.273573 -155.668
0.00731142 0.290097 -166.272
0.0072264 0.30467 -175.335
0.00659264 0.316301 -182.383
0.00595477 0.32428 -187.138
0.00561487 0.328251 -189.49
0.00561487 0.328251 -189.49
0.00680206 0.416793 -245.384
0.137707 0.228616 -190.461
0.137707 0.228616 -190.461
0.0136162 -0.0128064 27.7218
0.0139549 0.0420149 -23.5533
-0.000215733 0.00455642 60.8762
0.0632245 0.0788367 -73.0258
0.0632555 0.0847783 -76.6512
0.0498524 0.102268 -79.0184
0.0411765 0.123675 -86.5089
0.0217219 0.14562 -87.2844
0.0117729 0.155344 -86.47
0.0115932 0.156149 -86.8447
-0.00963699 0.119532 -50.4929
-0.0670436 0.0132995 58.3923
0.0035205 0.111288 -55.2899
0.00571265 0.109737 -56.0837
0.00630656 0.108954 -56.0927
0.00651146 0.108689 -56.1008
-6.30469e-14 -2.05994e-11 63.7031
-6.52044e-14 -1.9455e-11 63.7031
-7.59959e-14 -1.9455e-11 63.7031
-7.87812e-14 -1.72867e-11 63.7031
-6.03965e-14 -1.66003e-11 63.7031
-1.808e-13 -1.09383e-11 63.7031
1.2248e-14 -8.01086e-12 63.7031
6.50232e-15 -8.01086e-12 63.7031
2.90754e-16 -8.01086e-12 63.7031
-1.10609e-15 -8.01086e-12 63.7031
-2.55223e-14 -9.15527e-12 63.7031
-1.42106e-14 -1.02997e-11 63.7031
-3.09096e-14 -9.15527e-12 63.7031
2.23047e-07 -3.62005e-07 63.7033
3.97673e-06 -4.04065e-06 63.7044
7.86367e-06 -1.73311e-05 63.7117
-0.000343206 0.00384836 61.3733
-0.000343888 0.00386512 61.3628
-0.00033529 0.00390454 61.3339
-0.000284478 0.00394214 61.287
-0.000171645 0.00421673 61.0576
3.93227e-07 0.00448281 60.8015
0.000248992 0.00473733 60.509
0.000603629 0.00497181 60.1656
0.00109654 0.0050134 59.8624
0.00134647 0.00505046 59.6928
0.0014293 0.0050892 59.6181
0.00141105 0.00513464 59.601
0.00136088 0.00519051 59.5983
0.00133285 0.00520273 59.6096
0.00133285 0.00520273 59.6096
1.47241e-05 0.00268371 62.1425
-9.67916e-05 0.00249441 62.3473
-0.000152439 0.00235137 62.4818
-0.000172063 0.00225565 62.5586
-0.000175754 0.0022078 62.5923
-0.000175754 0.0022078 62.5923
