0.00412897 -0.000199779 13.0593
0.00506426 0.000154327 13.0006
-0.000940513 -0.000732883 13.4824
-0.00083396 0.00236108 13.4137
-0.000595067 0.000130192 13.4081
0.0021048 0.00646828 12.8565
-4.89161e-05 0.00534558 13.3739
0.00214264 0.00225364 12.8449
0.00298673 -0.000488001 12.665
0.0014401 0.00332685 13.0592
0.00402051 0.0063734 12.003
-0.000750624 0.0045189 14.0477
-0.00106833 0.000322105 14.2449
0.00232152 0.00376353 12.5042
0.00995255 0.00717145 8.46502
0.0349277 0.0341571 3.86693
0.0147687 0.0365049 15.7809
-0.00694572 0.0318538 29.6537
-0.0255018 0.0374654 41.8802
0.000674635 0.00370908 13.4694
-0.00858913 0.00489468 30.3255
0.00292021 0.00535012 21.3733
-0.00109265 0.00139714 14.8306
-0.00022044 0.00162695 14.0784
0.00159074 0.00096464 12.4867
-0.000252783 0.00178482 14.2197
0.000330632 0.000311378 13.6894
0.000591314 0.00115414 13.4011
0.000795045 0.000911197 13.1628
0.000545631 0.000439012 13.4527
-0.000327806 0.00136243 14.3975
-0.000225561 0.00208039 14.3025
0.00135088 0.00191018 12.3863
0.00591117 -0.00299426 6.99026
0.00278947 0.000836644 13.0757
0.00167489 -0.000497435 13.2255
-9.94531e-05 -0.00256006 13.4621
0.000777426 0.00061634 13.1643
6.24365e-05 0.00095331 13.2711
0.000248659 -0.00229128 13.4745
0.00118272 -0.000319086 13.1953
0.00102008 -4.3952e-06 13.2113
0.00368195 0.000748129 12.3736
0.00474139 0.00274196 11.93
0.00405653 0.00543536 12.0277
-0.00386993 0.00425467 15.4186
-0.000522662 0.00278338 13.8903
0.00414805 0.00255032 11.6208
0.0512868 0.0240979 -4.82106
0.0331893 0.0221772 5.53439
0.013754 0.0259972 16.9156
-0.00808061 0.0205608 31.0588
-0.0189662 0.0272037 37.9393
-0.0294819 0.0255691 44.9343
-0.0122615 0.0144645 32.584
0.00642966 0.0110427 18.375
-0.00240377 0.00216654 15.9099
-0.000276906 0.000869578 14.1552
-0.000202122 -5.92282e-05 14.1507
-0.000314 0.000201792 14.3097
4.30802e-05 -0.000341609 14.007
0.000212744 0.000377658 13.8201
0.000362649 0.000393469 13.6515
-0.000363301 -2.0025e-05 14.45
0.000741717 2.48438e-05 13.2231
0.000880889 0.00126529 12.9986
0.00180223 0.00119405 11.887
-0.00113396 -0.00111603 15.5531
0.00249261 8.05157e-05 13.2223
-0.00143655 -0.00214782 13.6261
8.96523e-05 0.000732705 13.2198
-0.000194 0.000115847 13.3283
0.000292309 0.00170938 13.1043
0.00179822 0.00152208 12.8644
0.000569952 0.00160331 13.1624
0.000445731 0.00261555 13.1156
0.0055452 0.00162858 11.7001
0.00523854 0.00266106 11.7909
-0.00749365 -0.00154091 29.0558
-0.0119391 0.00542239 30.3798
-0.0339155 -0.0109499 41.6476
0.00240725 -0.000438103 12.7199
0.0598199 0.00672218 -8.2504
0.0370609 0.00683785 4.40399
0.0153444 0.00276401 17.609
-0.00223736 0.00116604 28.9202
-0.0227445 0.0153846 41.2973
-0.0362078 0.0156584 50.7135
-0.00576054 0.00481291 28.2438
0.000697438 0.00904306 22.9722
-0.0130755 0.000576304 24.9934
-0.00162153 0.000997512 15.322
-0.000837118 0.00183462 14.5764
0.000875225 0.00115884 13.0417
0.00054459 0.00116914 13.3736
0.000475797 0.000261497 13.5463
0.000774019 0.000430997 13.2236
-0.000318347 0.000745821 14.3525
-0.000649823 0.000566137 14.7352
0.00154011 0.00107509 12.2158
0.000640762 0.000932175 13.2541
-0.00139666 0.00164434 15.6511
3.62425e-05 -0.000989055 13.3513
0.000535179 0.000477248 13.14
0.000701723 2.5403e-05 13.2106
-0.000288809 0.0003926 13.2846
0.000433386 0.00240761 12.9609
0.00122767 -0.000280554 13.1745
0.000405269 0.000730165 13.2105
0.00328904 0.0037736 12.1364
0.00318551 0.00234634 12.3423
0.00395151 0.00152107 12.2791
-0.00144 -0.00575287 26.9446
-0.0118816 -0.00134533 30.8911
0.00153179 -0.000177943 13.0935
0.00670621 0.00319129 10.1231
0.0601901 -0.00124497 -7.70524
0.036187 -0.0055762 6.23779
0.0110753 -0.00677695 21.2246
-0.000890054 -0.00904905 29.0411
-0.0125577 -0.0018091 36.0043
-0.0318084 0.00310499 48.9619
-0.0252266 0.000924422 43.933
0.00172764 0.00770159 22.3604
-0.00811848 0.00364454 30.903
-0.00119951 0.000844544 14.9501
0.000657617 0.000762754 13.336
7.35438e-05 0.00061161 13.8753
0.000242847 8.6553e-05 13.7928
0.000766426 5.1647e-06 13.281
0.000252605 0.000151817 13.805
-0.000740547 0.00106233 14.8058
-0.000165193 0.00314111 13.8899
0.00164367 -0.000201018 12.2497
0.00217658 0.00186499 11.3648
-0.00323398 0.00118877 18.001
0.00153867 -0.00122107 13.316
0.0002293 -0.000105685 13.2367
0.00107916 -0.0010495 13.2941
0.000802524 0.00242697 12.8291
0.00133911 0.00126484 12.9916
0.000840542 0.00099005 13.0769
0.000673824 0.000776005 13.1705
0.00317913 0.000414009 12.6632
0.00282752 0.000805378 12.6672
0.00311999 -0.000658191 12.858
0.00638107 -0.00665866 23.8616
-8.65635e-05 -0.00202699 25.8468
-0.0574167 0.00643111 50.199
0.00310971 0.00266178 11.9774
0.0466736 -0.00142263 -0.302471
0.0314592 -0.0083394 9.39136
0.00665807 -0.00951067 24.3039
0.00252517 -0.0106287 27.0118
-0.00873625 -0.00749792 34.0752
-0.020663 -0.0089541 42.6632
-0.025803 -0.00641598 45.761
0.00302942 0.00557064 21.6827
-0.00428802 0.0073893 27.4177
-0.000726005 0.00121428 14.4732
-6.61732e-06 0.000999647 13.8786
0.000829358 0.00132147 13.0449
-2.13664e-05 0.00138042 13.8533
0.000499387 0.00043172 13.5062
0.00117142 0.000751217 12.7304
0.000717285 0.00015813 13.3399
0.000206036 0.00155468 13.7172
-0.00165495 0.000882129 15.9646
0.00191676 0.000923048 11.7248
0.000769073 0.00237093 12.8768
0.00192876 0.00175173 12.7728
-0.000497893 -0.000564932 13.3938
0.001774 0.00231131 12.5316
0.00162865 0.000193206 13.1141
6.7604e-05 0.000449087 13.3712
0.00203801 0.00107102 12.8362
0.00193471 0.00196773 12.6503
0.00237096 0.000651053 12.8602
0.00164698 0.00128801 12.9476
0.00298068 0.000297873 12.6951
0.00439629 -0.00130778 12.5725
0.0049047 -0.00410457 24.0428
-0.0175274 0.00107011 32.7957
0.00938253 -0.00307529 10.0046
0.0422649 -0.011487 3.99136
0.0308193 -0.00926187 10.0283
0.0110368 0.00123497 19.6384
0.0047564 -0.00311788 24.2473
-0.0105824 -0.00388962 34.7617
-0.0199288 -0.00262398 40.9176
-0.0149965 -0.00307161 36.8337
0.00862781 -0.00136797 18.4484
0.000318297 -0.00239035 25.4482
-0.0024895 0.000927422 16.0781
0.000196007 0.0017606 13.528
2.00948e-05 0.000109384 14.0154
0.00167194 0.00162513 12.1077
-0.00110211 0.000600697 15.1347
-4.21356e-06 0.00164977 13.7831
0.000825149 0.00159223 12.9481
-0.000698567 0.000565181 14.9098
0.000931249 0.000970173 12.9101
0.00349823 0.00287452 9.45481
0.00153977 0.00367703 11.667
0.000973511 0.00179973 12.7996
0.0027005 0.00313203 12.3953
-0.000561556 0.001849 12.8962
0.000255626 0.00290947 12.5878
0.00142448 0.00139765 12.8501
0.00175693 0.00265108 12.5088
0.00293343 0.00208687 12.3284
0.00331984 0.000520143 12.6627
0.00216087 0.000832377 12.9301
0.00247109 -0.000684791 13.1375
0.0793006 -0.0205374 -2.0152
0.00491931 -0.0083458 25.182
-0.00778333 -0.00322187 29.4494
0.000819944 -0.000155714 13.5928
0.0096065 -0.00364065 9.93616
0.0403967 -0.0263355 8.34599
0.0192425 -0.019218 19.1462
0.0018164 -0.0149935 28.8629
-0.0115994 -0.0173793 38.4722
-0.0182637 -0.0151906 42.5042
-0.00398487 -0.0103137 30.0955
0.00475401 -0.00480203 22.3307
0.00610051 -0.00939573 22.2389
-0.00099026 -0.00046685 15.0536
-0.000224989 0.000314123 14.2133
3.75596e-05 0.00168014 13.6362
0.00134654 -0.000153882 12.8351
-0.00208212 0.0014189 15.9212
0.000866298 0.00104565 12.9843
0.000932743 0.0015564 12.8213
0.000263293 0.00107327 13.6708
0.00249536 0.00313503 10.6033
0.00224453 0.00192731 11.1531
0.00131594 0.000149321 12.75
0.00163663 0.00232086 12.6403
-0.000671194 0.00277646 12.6863
0.000788136 0.000847357 13.0519
0.00367352 0.00408834 11.8773
-0.000415858 0.00316627 12.7014
0.00110878 0.00131495 13.0061
0.0027616 0.00315669 12.1278
0.00349501 0.000431269 12.6685
0.00206421 -0.000528661 13.2996
0.00142817 2.29122e-05 13.3161
0.00290603 -0.00120898 13.077
0.00728109 -0.0172801 26.5303
-0.00442982 -0.0132944 30.706
-0.0114177 -0.0101687 32.8614
0.00949144 0.00314481 8.28408
0.0246319 -0.0100261 12.4495
0.0231015 -0.0312856 19.6558
0.00461028 -0.0247872 29.5593
-0.0128957 -0.0277591 41.9963
-0.0132427 -0.0247428 41.0237
0.000566469 -0.0212396 29.5749
0.00391735 -0.0147863 25.5032
-0.00744733 -0.0223004 36.9182
-0.000518631 0.000413162 14.418
0.000485943 0.000861836 13.398
0.00136538 0.00138063 12.472
-0.00131223 0.00049717 15.3532
-0.00227829 0.00136448 16.1841
-0.000683198 0.00387752 13.8565
0.00153767 0.00128576 12.2299
0.000818179 0.00191775 12.822
0.00292573 -8.50149e-05 10.9637
7.97429e-05 0.00048736 14.1695
-0.00210025 0.00181535 16.4385
-0.000426612 0.000970466 12.9804
-0.00131942 -0.000283227 13.4985
0.00330534 0.00151573 12.6198
0.00295346 3.28013e-05 13.1573
-0.000134273 0.00295146 12.7004
0.00318459 0.00170173 12.4414
-0.000700267 0.00107191 13.5355
0.00207724 0.000479775 13.0003
0.00224818 -0.000846452 13.3144
0.00145654 3.33233e-05 13.2828
0.0057142 -0.000740484 11.9299
0.0100129 -0.035389 30.6927
-0.00113913 -0.0275685 33.2902
-0.00511249 -0.0256699 34.5242
0.000506681 0.00230653 22.4181
0.0108417 0.00556447 15.7801
0.00933787 -0.00489624 20.1128
0.00539329 -0.0165617 26.1661
-0.00291989 -0.0102745 29.5463
-0.00845951 -0.00230486 30.7791
-0.00219857 -0.0137224 29.5899
-0.000707126 -0.0155666 29.2856
-0.00407069 -0.00264547 18.3921
-9.60715e-05 0.000181373 14.0987
0.000718712 -0.000474669 13.5861
0.000872377 7.71721e-05 13.3207
0.000272845 -0.000157952 13.9841
0.000407451 -0.00158168 14.3018
0.000787532 0.000504475 13.2565
0.000718343 0.00163769 12.9825
0.00101959 0.00166373 12.6384
0.0004358 0.00207224 13.1922
0.00106565 0.00183188 12.5345
0.0039472 0.00421198 8.31026
-0.000172213 0.00304094 12.3056
-0.000489794 0.000229558 13.3331
0.00420122 0.00107745 12.6192
0.00127466 0.00388491 12.0161
0.00181944 0.00194845 12.6291
0.00204949 0.00189031 12.5706
0.00148997 0.00108552 12.948
0.00179622 0.00140488 12.8268
0.000808168 0.00161029 13.0331
0.00040409 0.000349667 13.5808
0.00298005 -0.000114223 12.7647
0.00447701 -0.00446028 13.6748
0.00493984 -0.277484 114.141
0.0176739 -0.0345191 25.8469
0.0215088 -0.0092778 15.0161
0.0145936 0.00213296 15.0446
0.00367769 0.00317517 21.1181
-0.00325871 0.00433605 25.0249
-0.00481327 0.00127649 27.1853
-0.01382 -0.00152977 34.4611
-0.0187108 -0.0154615 42.9293
-0.0240268 -0.0353158 54.1479
-0.00295076 -0.00115321 16.9919
-0.00101273 -3.55755e-06 14.9832
0.00108309 -4.70824e-05 13.1467
0.000417006 0.000240773 13.7369
-0.00153189 0.000264339 15.6097
0.000640049 0.000167644 13.4464
0.00176582 0.00139496 11.8681
0.00203558 0.00214743 11.3784
0.00189457 0.00168227 11.7173
0.000979999 0.00242218 12.4571
0.000121288 0.00436822 12.8434
0.00375658 0.00248699 9.14739
0.00233449 0.00207346 12.6442
-0.000568614 0.00225685 12.6597
0.00209413 0.00246736 12.3653
0.00162215 0.00107648 13.0309
0.00241894 -0.00186492 13.9225
0.00202648 0.00189156 12.5461
0.00321275 0.00361858 11.5796
0.00124013 0.00114546 13.0886
0.000486035 -0.000464655 13.8653
0.000780296 0.00139566 13.0479
0.00113487 0.000547703 13.2502
0.00175576 -0.00103363 13.5785
0.00487155 -0.00705418 14.4954
0.00401915 -0.00810902 15.2773
0.0341318 -0.0155514 10.5003
0.0194858 -0.00643972 15.5189
0.00676162 0.000455774 20.2407
0.000312081 0.00203385 23.6241
-0.00517737 0.00289087 26.9442
-0.021965 -0.00580959 42.0506
-0.00628684 -0.00606028 21.4785
-0.00220423 -0.00150204 16.4807
-0.000245355 0.000872446 13.9769
0.00050247 0.000911597 13.3278
0.00131315 0.00150648 12.3764
0.00248148 0.00198598 11.1319
-0.00118999 0.00138625 14.9024
-0.000481481 0.0031372 13.533
0.00258939 0.00208131 10.8411
0.000699088 0.00372622 12.283
0.000153377 0.0020187 13.5747
0.00256991 0.00283525 10.4623
0.00115241 0.00178712 12.5724
0.00177356 0.00233567 11.5963
-0.000390905 -0.000106984 13.5931
-0.00131236 0.00105434 13.1726
0.00101683 0.0012107 12.9242
0.00218294 -0.00201313 14.2277
0.00192506 0.00277326 12.2054
-4.69644e-05 0.00128519 13.248
0.000766596 0.000977397 13.2209
0.000211669 -0.000313529 13.946
0.000626576 0.00152843 13.0068
0.00134282 0.00199035 12.6145
0.000613654 0.000372769 13.5503
-0.000902507 -0.000473476 14.5304
0.00150023 -0.00111808 13.703
0.00252675 -0.000852358 13.0714
0.0451344 -0.00254151 -0.611847
0.0230982 0.00056318 10.5041
0.0118719 0.00120683 16.7805
-0.000926108 0.00501619 23.1406
-0.0174596 0.00164468 35.7571
-0.0284869 -0.00469414 46.0683
-0.00411795 -0.000243442 17.433
-0.000616753 0.000219221 14.5347
-0.000904485 0.00160868 14.2061
0.00176195 0.00208908 11.7318
0.000294043 0.000960409 13.5576
0.00170571 0.00284811 11.4587
0.00253877 0.00326947 10.4288
0.000741449 0.00313181 12.3109
0.00267188 0.00311045 10.3479
-0.000941384 0.00372421 14.0603
-0.000496188 0.00342399 13.742
-0.000114095 -0.000227415 14.884
0.00319827 0.00136058 10.3067
0.00446237 0.00337053 7.89785
0.00088004 0.000160999 13.4263
-0.00098733 0.000493753 13.4595
0.000323967 0.00244314 12.4765
0.002869 -0.000541652 13.4788
0.00304029 0.00107717 12.7139
0.000429266 0.00130464 13.113
0.000465011 8.83493e-05 13.7059
0.000561869 0.000374498 13.523
2.10386e-05 0.00148653 13.192
7.56263e-05 0.000749121 13.5653
0.000677719 0.000446955 13.4668
0.00012802 0.000901565 13.4654
0.000946413 0.00203197 12.548
0.00321782 0.00117916 11.8275
0.0450779 -0.000135035 -1.56753
0.0316003 -0.00231832 7.03607
0.0153972 0.00636924 12.4713
-0.00205759 0.00633067 23.4112
-0.0161304 0.00367639 34.0449
-0.0257778 0.00579058 39.5946
-0.00680685 0.00208187 18.5128
-0.00122583 0.0019666 14.2161
0.00139601 0.000632047 12.6985
0.00173519 0.00248856 11.5672
-0.000154781 0.000653683 14.0845
0.0033653 0.00165029 10.412
0.00250137 0.00248547 10.8633
0.000871344 0.00140031 12.9806
0.00249216 0.00171641 11.1625
0.000634039 0.00180395 13.2032
-0.00221793 -0.000618561 17.474
-9.32007e-05 0.00235965 13.7538
0.00136691 0.000675768 12.846
0.00091359 0.000418218 13.5309
0.000724078 0.00230272 12.3586
0.0017554 0.00221208 12.4336
-0.00104995 0.000242134 13.6758
0.000978768 0.00152457 12.7544
0.000840613 0.00364403 11.7367
0.0038483 0.00171069 12.1498
0.00156067 0.00108398 12.9608
0.00141409 0.00118122 12.8978
0.000695553 0.00188852 12.7538
0.000383864 0.000728355 13.4469
0.000270797 0.001405 13.1603
0.000397754 0.00255323 12.5519
0.000812259 0.00187217 12.6718
0.00501188 0.00292081 10.0892
0.0430237 -0.000675275 -0.162855
0.0296992 -0.00093065 7.57097
0.012737 -0.00240468 18.337
-0.00298997 -0.00392648 29.0374
-0.0221492 0.00242776 38.8105
-0.0252971 0.0104153 36.8437
-0.00547847 0.000691999 18.1856
-0.000955816 0.00488077 12.523
0.00244679 0.00236257 11.0151
0.00129617 0.00279336 11.825
0.00225285 0.0034362 10.5621
0.00314629 0.00215379 10.4336
0.000884762 0.00213932 12.5861
0.00199968 0.00188233 11.5797
0.0031785 0.00214809 10.2333
0.000299534 0.00204894 13.4405
-0.00175294 0.00118066 16.1244
0.00144179 0.00102021 12.5578
0.00214345 0.000610943 11.91
0.00260361 0.000967764 11.191
0.00224951 0.00486034 10.9915
0.00195839 0.00374952 11.6305
-0.00125733 0.00122815 13.2591
-0.00198211 0.00224328 12.7608
0.00182868 0.00145834 12.6798
0.00199901 0.00128431 12.7289
0.00138962 0.000906714 13.0821
0.00139003 0.000582073 13.2364
0.000751766 0.000885972 13.2463
0.00116047 0.00157912 12.7118
0.00175141 0.00267998 11.9213
-0.0108022 0.0781035 -13.0693
-0.027863 0.0489054 10.7986
-0.000358108 0.0177358 13.448
0.0343036 0.00617307 0.847458
0.0227116 -0.00336506 12.7248
0.0153897 -0.00912795 20.2626
-0.00106977 -0.0127199 32.4525
-0.0137768 -0.00286706 35.6091
-0.00222569 0.0116608 19.049
0.0192171 0.0315309 -7.76063
0.0373537 0.0442328 -28.1659
0.00869292 0.00544292 4.07513
-0.000716802 0.00523856 12.3198
1.76196e-05 0.00379139 12.437
0.00125909 0.00381241 11.2548
0.00164833 0.0019972 11.8841
0.0028694 0.00352238 9.78291
0.00461794 0.00262927 8.49543
-0.000358431 0.000751339 14.8372
-0.000206493 0.00250209 13.6917
0.00115475 0.00118081 12.8446
0.00218899 0.000459056 11.9526
0.00212946 0.000679024 11.9242
0.000498483 0.00340297 11.8464
-0.00133845 0.00163706 12.9454
-0.00191948 -0.00106376 14.5303
0.00116876 -0.000916058 14.0857
0.00311681 0.000899038 12.8053
0.00116263 0.00285052 12.0498
0.000119868 0.000238803 13.7898
-0.000386178 -0.000551759 14.3478
0.0017753 0.00143216 12.5862
0.00302537 0.00358254 10.9457
-0.0439827 0.0923678 -7.73685
-0.00749459 0.0740141 -12.299
-0.02914 0.0662121 1.8482
-0.0475737 0.0431624 23.6896
-0.00928675 0.0143828 20.1603
0.0151881 -0.00934671 20.2974
0.00936622 -0.016674 28.0018
-0.000687151 -0.0157221 33.8373
-0.00656143 -0.0103731 34.557
0.0195273 0.0141272 1.79594
0.0358537 0.0304807 -19.4263
0.0080612 -0.00388602 28.5633
-0.0665941 0.00243633 86.0259
-0.122799 0.049857 104.019
-0.000682587 0.00299567 13.4701
0.00160881 0.00364143 11.0125
0.000855127 0.00285816 12.2208
1.6778e-06 0.00196898 13.5689
0.002692 0.00142953 11.1182
0.000783496 0.000802949 13.5333
0.000268898 0.0012286 13.8565
0.000556232 0.00171247 13.2063
-0.000221863 0.00147592 14.3266
-0.00187236 2.83891e-05 17.1666
0.000925573 0.000755816 13.4181
-0.00145393 0.00107695 13.3402
-0.00305474 0.00205378 12.8873
0.000466853 0.000759866 13.2605
0.00341583 -0.00160685 14.2393
0.000527279 0.000313893 13.6572
0.000425096 0.000391338 13.616
0.00219852 0.0024619 11.8352
0.00502159 0.00337634 10.435
-0.0161323 0.00669963 32.8993
-0.0311943 0.0290657 25.3188
-0.0347488 0.0565879 10.5148
-0.0395386 0.0455666 19.4837
-0.0797676 0.0343036 45.1351
-0.0271739 0.00670221 34.3943
-0.0031433 -0.0116517 32.2541
0.00536693 -0.0159 29.9021
0.00368884 -0.017774 32.1288
0.00181833 -0.0150906 31.6193
0.028734 0.00104396 3.04216
0.0373001 0.00764335 -1.17753
0.0129259 -0.00744876 27.1447
-0.0233795 -0.0131417 59.6553
-0.00685791 0.000443625 20.3328
0.00111322 0.00221925 12.3519
-0.000205073 0.00265789 13.3402
0.000106452 0.00192463 13.4807
-0.000913838 0.000215464 15.5772
0.00109141 0.00156864 12.6856
0.00142011 0.000895147 12.79
0.000374424 0.00111156 13.8006
-2.97265e-05 0.00147173 14.0414
0.000815083 0.000481731 13.6557
-0.000741841 0.00226954 14.4573
8.40616e-05 -0.000525573 14.2109
-0.000996308 -0.000779778 14.4373
-0.0010179 -0.000594849 14.3686
-0.000755203 0.00127598 13.1204
-0.0009766 0.0018904 12.6989
0.00264371 0.00137097 12.512
0.00141022 0.00169173 12.5544
0.00122072 0.0024422 12.1434
0.00476999 0.00539717 9.16069
-0.00383642 0.00684287 28.0975
-0.00652963 0.00469749 30.4483
-0.0168754 0.020935 24.4375
-0.016572 0.0370011 13.8636
-0.0686136 0.0559225 25.903
-0.0302132 -0.00809685 45.1014
0.00159634 -0.010585 28.7466
0.00360809 -0.0182787 32.5203
0.00297287 -0.0168173 32.0035
0.00431913 -0.0171819 31.2959
0.0354682 0.00233634 3.56838
0.0153777 -0.00150262 21.3108
-0.0187435 -0.0258399 63.6664
-0.0361058 -0.00646223 64.4699
-0.00039991 0.00194543 13.8089
0.00122771 0.000338708 13.4342
-0.00136264 -0.000806209 16.642
-0.00168004 -0.00317523 18.393
0.00140577 0.00113636 12.6145
0.00189438 0.00218026 11.4573
0.000677722 0.000400503 13.9281
0.000681703 0.0019036 12.9144
0.00119378 0.00181662 12.3637
0.00176002 0.00138202 11.9509
0.00198203 0.000866026 12.0468
-0.00206651 -0.000732912 14.4006
-0.000548833 4.15467e-05 13.858
0.000493037 -0.00124051 14.6581
0.000164976 0.00104952 13.1347
0.00190579 0.00273421 11.7162
0.00260754 0.00305091 11.435
0.0534203 0.00560757 10.9189
0.0419701 0.00636336 13.4211
0.0275333 0.00210841 20.693
0.0079946 0.00725567 23.8118
0.00365048 0.0195539 17.0106
-0.00264708 0.0289909 13.0763
-0.0142399 0.0581766 -1.34952
0.00890213 0.0470199 -4.57112
0.012199 0.00569787 22.9859
0.00735969 0.00688687 24.7839
0.00203298 0.00301127 30.6056
0.00173234 0.00336388 30.5416
-0.00566064 0.0028555 35.8738
-0.00565259 0.0329511 14.7252
-0.00936926 0.0309732 18.8654
-0.0229309 0.0294899 30.4715
-0.00938099 0.0284727 20.6748
-0.00177824 0.0290622 13.5885
-0.0111219 0.00420039 39.0965
-0.0258635 0.00264568 53.7704
-0.0382135 0.00269646 65.7489
-0.0593789 0.0116846 80.6277
-1.51912e-05 0.00240945 13.3055
0.000357326 0.00142432 13.5851
-0.000382127 0.00166516 14.2746
-0.000860232 0.00156776 14.9157
0.00159495 0.000242993 12.9096
0.00304762 -0.00100766 12.0078
-0.000514557 0.00139184 12.9029
-0.000530069 0.000984855 13.2021
-0.00138421 0.00304062 11.7918
0.00182232 0.00178819 12.3924
0.00192872 0.000544015 13.2608
0.00464915 0.00162902 11.9749
0.0566296 0.00397643 11.251
0.0423414 0.00311878 15.6525
0.0289617 0.000749083 21.1415
0.0204543 0.00172371 23.2155
0.0111096 0.00609733 23.5625
0.00573026 0.00913614 23.6231
0.00053166 0.0200296 18.2725
0.0149726 0.0157909 14.2132
0.0117036 0.00368328 24.6351
0.00641253 0.00356573 27.6403
0.00261671 0.00107265 31.6389
0.000385514 0.000989344 33.0934
-0.00507509 0.00188392 36.2305
-0.00941094 0.00447412 37.5901
-0.00937876 0.00515965 37.081
-0.00948812 0.00748084 35.4881
-0.00960423 0.00365632 38.3222
-0.0157248 0.00156347 45.1127
-0.015974 0.00130409 45.3937
-0.021098 0.00108363 50.2872
-0.0343339 0.00100017 63.1348
-0.0633417 0.0020391 91.364
-0.00500914 0.00103647 19.6286
-0.000728582 0.000961928 15.1001
-0.00110782 0.0011213 15.4643
0.000286907 0.000966808 13.9591
-9.13901e-05 0.00196045 13.7167
-0.0011834 0.000531791 16.0717
-0.000395553 0.000370976 13.6932
-0.00155015 0.00250636 12.1132
0.00210037 0.00295887 11.5101
0.00152199 0.00418186 10.6422
0.0018757 0.00188226 12.254
0.0102954 0.00396887 9.09005
0.0592905 0.00112015 12.6656
0.0406739 -0.00178327 19.7525
0.0279481 0.000766762 21.4315
0.020299 -0.000151326 24.5925
0.0160024 -0.00066856 26.6108
0.00806858 0.00343735 26.7428
0.0073178 0.00451729 26.1644
0.0104776 0.00443203 24.5985
0.0103188 0.0011239 27.2799
0.00453961 0.00248297 29.4583
0.00206876 0.000127933 32.6712
0.000461064 -0.00095328 34.4777
-0.00195935 -0.00177228 36.7362
-0.00349362 -0.00112165 37.3315
-0.00997406 0.00235234 39.4819
-0.0113527 0.000763684 41.7345
-0.0106914 0.00104954 41.0802
-0.016426 -0.000951202 47.5156
-0.0162771 0.00225906 44.9756
-0.0253012 0.00288421 52.8915
-0.0348832 -0.000401379 64.6306
-0.060558 0.000665633 89.4855
-0.000894203 -2.57946e-05 15.9816
-0.000448203 -0.000331646 15.7609
-0.000518095 0.000103067 15.5465
-9.50504e-05 0.000919618 14.4574
0.00100196 0.00152326 12.7121
-0.000520697 0.00466577 12.1952
0.000666131 0.000188573 13.7853
-0.00115104 0.00179314 12.6066
0.00242405 0.00183306 12.2793
0.00182403 -0.000643153 14.3237
0.0024603 0.00141383 12.4945
0.00811777 0.000784276 11.9757
0.0619508 -0.00263596 14.8067
0.041183 -0.000165184 18.2872
0.0281313 0.000879531 21.2617
0.0209863 0.0020392 22.6867
0.0166788 -0.00310239 28.2718
0.00883274 0.000911166 28.329
0.00705221 0.00162188 28.4552
0.0107141 0.00308693 25.5004
0.00823836 0.000182036 29.1652
0.0045431 0.00015034 31.2223
0.00116388 -0.00110277 34.2078
-0.000460676 -0.000892377 35.0136
-0.00172358 0.000416282 34.8336
-0.00335734 -0.000666717 36.8596
-0.0125946 0.00116702 42.3604
-0.00948025 0.0016217 39.5525
-0.0114491 0.00159756 41.2061
-0.014953 0.000332425 45.13
-0.0151117 0.00159126 44.3804
-0.0264009 -4.59299e-05 56.153
-0.0360379 0.000924968 64.7325
-0.0548171 0.000722139 83.6171
-0.00153583 -0.000260808 16.8967
0.000148099 0.00139232 13.803
-0.000263137 0.0015585 14.1481
-6.38219e-05 0.0022885 13.3596
0.00393316 0.00237834 8.49507
0.00525863 0.00278838 6.59564
-0.00162309 0.00150992 12.7436
-5.28753e-05 0.000275108 13.7644
0.000453646 0.000603659 13.4476
0.000912144 0.000451476 13.5154
0.00100338 0.00281798 11.5242
0.00795499 4.11121e-05 12.5105
0.0620589 0.0010426 11.8421
0.0418146 0.00101414 17.1823
0.0261744 0.000923245 21.8674
0.0179788 0.00270501 23.1487
0.0159222 0.00226607 24.1565
0.0118585 -0.000534443 28.2362
0.00845866 0.00115581 28.2417
0.00831061 0.00407767 25.839
0.00988294 0.0008191 27.7357
0.00230947 0.0011654 31.6611
0.000894027 0.000432142 33.0965
0.000436604 0.00015635 33.5922
-0.00139009 0.000952632 34.1515
-0.00569829 6.80737e-05 37.9117
-0.0107328 -0.000415199 42.169
-0.00626525 -0.00092478 39.077
-0.00879313 0.00170868 38.9376
-0.0145012 0.00275269 42.8331
-0.0152677 0.0014156 44.6684
-0.0250275 0.00235878 52.9491
-0.0380008 0.00306906 65.0199
-0.0582778 0.00137141 86.6581
-0.000882454 0.000436605 15.6577
-0.000469056 6.16655e-05 15.5867
0.000297476 0.00162854 13.42
0.00130349 0.00285761 11.264
0.000868125 0.00269977 11.9297
0.00480086 0.00356871 6.45897
-0.0023481 0.0047797 9.96261
5.12364e-05 0.00287431 11.5321
0.00072078 0.00157438 12.5983
0.00140567 0.00183549 12.2816
0.0029852 0.00218683 11.763
0.0053524 0.00617509 7.85063
0.0611949 0.00214247 10.969
0.0415709 0.000298485 17.8715
0.0273382 0.000614068 21.7496
0.0194279 0.00106258 23.9319
0.017053 0.0011582 24.704
0.00850938 -0.000234114 29.4419
0.00815653 -0.00239138 31.3566
0.00839896 0.00114058 28.227
0.00790754 0.000986286 28.5811
0.00317664 -0.000330143 32.4397
0.00209175 -0.000217861 32.9325
0.000562487 7.36395e-05 33.5863
-0.000764239 0.000115342 34.45
-0.00445675 0.00105338 36.1631
-0.00532234 -0.000329124 37.9569
-0.0094152 -0.00172239 42.2454
-0.0089505 -0.000887107 41.2332
-0.012691 0.00383147 40.2854
-0.0147046 0.00101257 44.5511
-0.0257983 0.000695743 55.0888
-0.0408546 0.000552411 69.969
-0.0561631 0.00112153 84.7815
-0.00303258 0.0021895 16.465
0.000522121 0.00346406 11.5984
0.00229746 0.00396106 9.1621
0.000244284 0.00345717 11.9878
0.00405104 0.0039125 7.04202
0.00677324 0.00339053 4.23742
-0.000753505 -0.00041731 14.62
-0.00149829 0.00542676 9.32957
-4.91958e-06 0.00304442 11.3734
0.00220307 0.00249154 11.5979
0.0040808 0.00324044 10.6468
0.0081223 0.00236821 10.6741
0.05979 0.00520505 8.62213
0.0413417 0.00159479 16.7915
0.026967 0.00194489 20.6539
0.0193023 0.00286134 22.3376
0.0156523 0.00252754 23.9761
0.00642835 -1.4496e-05 30.1139
0.0100262 0.00149182 26.9779
0.010379 -0.000703525 28.875
0.00511993 0.000762938 30.3301
0.00282196 0.00154226 30.8999
0.000493008 0.000393473 33.3073
0.000752472 0.00098692 32.6002
-0.00124349 -0.00103304 35.7912
-0.0051568 -0.000267926 37.8559
-0.00698025 -0.000611931 39.5264
-0.00790577 0.00127117 38.3796
-0.00787771 0.000845828 38.7991
-0.0125131 0.00267001 41.137
-0.0179953 -0.00191486 50.1153
-0.0229495 -0.000828442 53.69
-0.0410587 -0.00205063 72.4975
-0.0596342 0.000582979 88.7446
-0.000329706 0.0067445 9.48729
0.0013212 0.00394315 10.3224
0.00137163 0.0028244 11.2489
0.00225667 0.00353374 9.64667
0.00224744 0.00444056 8.77097
0.00302709 0.00114169 10.827
0.00390153 0.000792052 13.3432
-0.000333576 0.00356317 10.9674
0.000341589 0.00291796 11.4855
0.000829672 0.00241006 11.8551
0.00513178 0.00290207 10.7706
0.00775534 0.00353586 9.69898
0.0548578 0.00113569 13.6509
0.0392402 0.000624796 18.2594
0.029265 -0.00163706 23.3447
0.0180198 0.00178039 23.8574
0.011694 -0.00191303 29.6995
0.0071456 -0.000863245 30.6201
0.00545984 0.00248118 28.1562
0.0082053 0.000548446 28.6943
0.0107121 -0.000555627 28.5199
0.00284462 0.000420238 32.0526
-0.000594172 -0.000620588 34.9647
-0.000798088 0.000144078 34.3719
-0.000835965 -0.00146442 35.9301
-0.00461253 0.000554567 36.6865
-0.00470753 0.00276603 34.5933
-0.00817482 0.0037415 36.3383
-0.00934458 0.000647813 40.1979
-0.0164996 -0.000323089 47.3422
-0.0167018 -0.00131496 48.2822
-0.0230643 0.00129346 51.8169
-0.037472 -0.000353983 67.3883
-0.0571165 0.00145877 85.2839
0.00226994 0.00610821 7.37057
0.00101967 0.00495091 9.79096
-0.00056848 0.00638675 10.1862
0.00327296 0.00351472 8.51436
-0.00160219 0.00440748 13.4607
-0.00557962 0.0015881 20.9638
0.00412281 0.00479045 9.3601
0.000455374 0.00377052 10.5455
0.00113146 0.00281365 11.4406
0.00112588 0.00590343 8.47049
0.00210232 0.00653071 7.73906
0.00298285 0.00473055 9.42059
0.0558882 -0.0020505 16.3827
0.0391602 2.60541e-06 18.8162
0.0288781 6.66778e-05 21.757
0.0179273 -0.000359091 25.8849
0.0114224 -0.00138295 29.2461
0.0102969 -0.000120823 28.5453
0.010354 0.000782463 27.588
0.00830902 0.00200927 27.3714
0.00919671 0.000604324 28.3077
0.00170256 -0.000477199 33.5022
0.00105241 -0.00142496 34.7701
0.000770599 0.00022491 33.2902
0.000242306 0.000131071 33.7069
-0.00407424 9.47171e-05 36.7426
-0.00281442 0.000195107 35.6048
-0.0101365 0.000142947 41.3582
-0.00800702 -0.000325921 40.0477
-0.0165093 -0.00214878 49.0937
-0.0165556 0.00184731 45.1228
-0.0239592 0.00175544 52.1403
-0.0354192 0.00122125 63.8045
-0.0573738 0.00225704 84.7375
-0.00243181 0.00317458 15.0525
0.00197276 0.003376 10.1843
0.00118209 0.00165302 12.765
0.00114391 0.0017877 12.6664
0.000980269 5.07141e-05 14.5405
-0.00565284 0.00302819 19.6432
0.00101882 0.0281086 -14.2758
-0.00103274 0.0234106 -9.42751
0.00433328 0.0248658 -11.2991
0.00230462 0.015557 -1.50234
-0.000578521 0.0270935 -12.888
-0.00384988 0.0171811 -1.94309
0.0621365 -0.00250584 15.3462
0.0415772 0.00100096 17.1814
0.0264613 0.00193252 20.6577
0.0188836 0.000410875 24.8265
0.0132986 -0.000318973 27.5197
0.010799 0.001401 26.8473
0.0079842 0.00116073 28.2581
0.00986991 5.978e-05 28.4592
0.00726635 -0.000289083 30.2487
0.00036829 0.00107479 32.7162
-0.000133425 -0.00129476 35.4101
0.000557781 1.16834e-05 33.6249
-0.000416399 -0.00219189 36.4878
-0.00412773 3.10135e-05 36.8706
-0.0065914 0.00126537 37.3658
-0.00881643 -0.000667096 41.0996
-0.0101281 0.000542871 40.9265
-0.0140944 0.00126394 43.5749
-0.0163922 0.000171002 46.7434
-0.0229211 0.000286841 52.7087
-0.0382194 0.00242375 65.4087
-0.0621463 0.00223942 89.5665
-0.00294545 0.00857431 10.1839
-0.000838256 0.00576572 10.7927
0.000776909 0.0154191 -1.01023
0.00279552 0.00950429 2.76974
0.00221365 0.0180001 -5.2888
-0.000979227 0.0158816 0.79407
0.00541 0.0898455 -78.6472
0.00362704 0.035012 -22.2422
-0.000675164 0.0961108 -85.3712
0.000453893 0.0645865 -52.3256
2.35957e-05 0.0957881 -85.068
0.0024605 0.135594 -127.735
0.0684118 -0.00192423 13.2277
0.0426395 0.0009745 16.9672
0.0240355 0.0031945 19.9788
0.0199552 -0.00106244 25.9133
0.0151483 0.000635845 25.8352
0.0102562 0.00375242 24.5897
0.00787744 0.00500114 24.2135
0.00636206 0.00571266 24.2634
0.00734068 -0.00133949 31.2492
0.00412282 -0.0006042 32.3372
-0.000662136 -0.000824108 35.2849
0.000292 0.000172851 33.6163
-0.00150968 0.00144913 33.4652
-0.00366528 0.00215813 34.2924
-0.00665443 0.00253381 36.1208
-0.00889375 0.00449727 35.7262
-0.00982943 -2.94691e-05 41.2895
-0.0158593 0.00175164 44.6575
-0.0201107 0.00151458 48.583
-0.0208857 0.00134497 49.5849
-0.037716 0.000326041 67.0939
-0.0649129 0.00111986 93.4611
-0.0129358 0.0462208 -18.4889
0.00257386 0.019466 -7.1855
-0.000708038 0.0882927 -75.8997
-0.00508838 0.0552136 -35.7305
-0.00716268 0.0733194 -52.0771
-0.0105814 0.0457236 -18.5103
0.0173667 0.112826 -103.133
0.00513754 0.128794 -119.954
-0.000197752 0.137526 -129.096
-0.00283989 0.13227 -123.23
-0.000700981 0.127378 -118.22
0.0108338 0.132922 -126.248
0.0746516 -0.0041718 14.0853
0.0422329 -0.0031346 21.5202
0.024923 0.0035689 19.3286
0.0176323 -0.000885098 26.5569
0.0154754 -0.00306353 29.7282
0.0108191 0.00162026 26.601
0.00901756 0.00211101 26.7864
0.00435076 0.00257815 28.6402
0.00342906 -9.16998e-06 31.98
0.00243826 -0.00264165 35.3948
7.38881e-05 -0.00154405 35.5967
0.00107865 -0.000173474 33.4693
-0.000440741 0.000223605 34.0503
-0.00203453 0.000453675 34.9391
-0.00517515 0.00268552 34.8397
-0.0107695 0.00524787 36.4771
-0.0112955 0.00194415 40.4011
-0.0161683 0.000695554 46.0038
-0.0173232 0.0036568 43.7578
-0.0255456 0.000943214 54.4396
-0.0390659 -0.00213066 71.0171
-0.0599659 0.00158558 87.8747
-0.023582 0.168651 -137.25
-0.000793288 0.156269 -148.594
-0.00982178 0.131451 -111.602
-0.000445943 0.111134 -100.325
-0.00441029 0.111855 -96.2791
-0.0106747 0.0952054 -70.783
