0 1 3
1 2 3
2 3 3
3 4 3
4 5 3
5 6 3
6 7 3
7 8 3
8 9 3
9 10 3
10 11 3
11 12 3
12 13 3
13 14 3
14 15 1
15 16 3
16 17 3
17 19 0
19 20 1
20 21 3
21 55 3
22 55 1
22 23 3
23 24 3
24 25 3
25 26 3
26 27 3
27 28 3
28 29 3
29 30 3
30 31 3
31 32 3
32 33 3
18 19 0
17 18 3
19 53 1
18 53 3
20 53 3
14 48 1
15 48 3
13 47 3
14 47 3
11 46 3
12 46 3
53 54 3
20 54 3
18 52 3
22 57 3
23 57 3
0 34 3
1 35 3
2 36 3
3 37 3
4 38 3
5 39 3
6 40 3
7 41 3
8 42 3
9 43 3
10 44 3
11 44 3
15 49 3
16 50 3
17 51 3
17 52 3
52 53 3
24 58 3
25 59 3
26 60 3
27 61 3
28 62 3
29 63 3
30 64 3
31 65 3
32 66 3
33 67 3
34 35 3
35 36 3
36 37 3
37 38 3
38 39 3
39 40 3
40 41 3
41 42 3
42 43 3
43 44 3
46 47 3
48 49 3
49 50 3
50 51 3
51 52 3
54 55 3
57 58 3
58 59 3
59 60 3
60 61 3
61 62 3
62 63 3
63 64 3
64 65 3
65 66 3
66 67 3
47 48 1
44 46 3
22 91 3
55 91 0
57 91 3
44 79 1
46 79 1
89 91 0
55 89 3
44 77 3
43 77 3
53 87 3
54 87 3
44 78 1
47 81 3
55 88 3
78 79 3
46 81 3
51 85 3
51 86 3
52 86 3
54 88 3
34 68 3
35 69 3
36 70 3
37 71 3
38 72 3
39 73 3
40 74 3
41 75 3
42 76 3
48 82 3
49 83 3
50 84 3
53 86 3
58 92 3
59 93 3
60 94 3
61 95 3
62 96 3
63 97 3
64 98 3
65 99 3
66 100 3
67 101 3
68 69 3
69 70 3
70 71 3
71 72 3
72 73 3
73 74 3
74 75 3
75 76 3
76 77 3
81 82 1
82 83 3
83 84 3
84 85 3
87 88 3
88 89 3
91 92 3
92 93 3
93 94 3
94 95 3
95 96 3
96 97 3
97 98 3
98 99 3
99 100 3
100 101 3
85 86 3
86 87 3
77 78 1
46 114 3
79 114 0
81 114 3
88 122 3
87 122 3
91 124 1
89 124 3
79 113 3
113 114 0
91 125 3
78 113 3
82 116 3
81 115 3
81 116 1
86 121 3
87 121 3
88 123 3
89 123 3
68 102 3
69 103 3
70 104 3
71 105 3
72 106 3
73 107 3
74 108 3
75 109 3
76 110 3
77 111 3
113 182 3
114 115 3
83 117 3
84 118 3
85 119 3
86 120 3
123 124 3
92 126 3
93 127 3
94 128 3
95 129 3
96 130 3
97 131 3
98 132 3
99 133 3
100 134 3
101 135 3
102 103 3
103 104 3
104 105 3
105 106 3
106 107 3
107 108 3
108 109 3
109 110 3
110 111 3
114 182 1
115 116 1
116 117 3
117 118 3
118 119 3
119 120 3
121 122 3
125 126 3
126 127 3
127 128 3
128 129 3
129 130 3
130 131 3
131 132 3
132 133 3
133 134 3
134 135 3
78 111 0
124 125 0
120 121 3
122 123 3
111 113 1
111 145 3
113 145 0
113 147 3
145 147 1
122 156 3
121 156 3
102 136 3
103 137 3
104 138 3
105 139 3
106 140 3
107 141 3
107 142 3
108 142 3
109 143 3
110 144 3
114 149 3
115 149 3
116 150 3
117 151 3
118 152 3
120 154 3
121 155 3
123 157 3
125 159 3
126 160 3
127 161 3
128 162 3
129 163 3
130 164 3
131 165 3
132 166 3
133 167 3
134 168 3
135 169 3
136 137 3
137 138 3
138 139 3
139 140 3
140 141 3
142 143 3
143 144 3
144 145 3
147 182 3
116 149 0
150 151 3
151 152 3
119 152 3
119 153 3
119 154 3
154 155 3
156 157 3
124 157 3
159 160 3
160 161 3
161 162 3
162 163 3
163 164 3
164 165 3
165 166 3
166 167 3
167 168 3
168 169 3
149 182 1
149 150 1
153 154 3
155 156 3
124 158 3
124 159 0
141 142 3
157 158 3
152 153 3
158 159 0
145 180 3
147 180 0
149 184 1
150 184 3
147 181 3
180 181 1
144 179 3
145 179 3
179 180 3
156 190 3
141 175 3
142 175 3
181 182 3
149 183 3
155 189 3
157 190 3
157 191 3
136 170 3
137 171 3
138 172 3
139 173 3
140 174 3
142 176 3
143 177 3
144 178 3
182 183 0
151 185 3
152 186 3
153 187 3
154 188 3
156 189 3
190 191 3
158 192 3
159 193 3
160 194 3
161 195 3
162 196 3
163 197 3
164 198 3
165 199 3
166 200 3
167 201 3
168 202 3
169 203 3
170 171 3
171 172 3
172 173 3
173 174 3
174 175 3
175 176 3
176 177 3
177 178 3
184 185 3
185 186 3
186 187 3
187 188 3
188 189 3
191 192 3
192 193 0
193 194 3
194 195 3
195 196 3
196 197 3
197 198 3
198 199 3
199 200 3
200 201 3
201 202 3
202 203 3
178 179 3
183 184 1
189 190 3
181 215 3
180 215 1
181 216 3
182 216 3
183 216 1
189 223 3
190 223 3
184 219 3
185 219 3
190 224 3
192 227 0
193 227 3
170 204 3
171 205 3
172 206 3
173 207 3
174 208 3
175 209 3
176 210 3
177 211 3
178 212 3
179 213 3
180 213 3
183 217 3
184 217 0
186 220 3
187 221 3
188 222 3
191 224 3
191 225 3
194 228 3
195 229 3
196 230 3
197 231 3
198 232 3
199 233 3
200 234 3
201 235 3
202 236 3
203 237 3
204 205 3
205 206 3
206 207 3
207 208 3
208 209 3
209 210 3
210 211 3
211 212 3
212 213 3
215 216 3
216 217 0
219 220 3
220 221 3
221 222 3
222 223 3
223 224 3
192 225 3
227 228 3
228 229 3
229 230 3
230 231 3
231 232 3
232 233 3
233 234 3
234 235 3
235 236 3
236 237 3
224 225 3
192 226 3
226 227 0
225 226 3
217 252 3
184 252 0
219 252 0
180 248 3
213 248 3
215 248 0
216 251 3
217 251 1
204 238 3
205 238 3
219 253 3
252 253 1
227 261 3
234 268 3
224 258 3
226 261 0
235 268 3
205 239 3
206 240 3
207 241 3
208 242 3
209 243 3
210 244 3
211 245 3
212 246 3
213 247 3
215 249 3
216 250 3
219 254 3
220 254 3
221 255 3
222 256 3
225 259 3
228 262 3
229 263 3
230 264 3
231 265 3
232 266 3
233 267 3
235 269 3
236 270 3
237 271 3
239 240 3
240 241 3
241 242 3
242 243 3
243 244 3
244 245 3
245 246 3
246 247 3
247 248 3
248 249 1
249 250 3
250 251 3
254 255 3
255 256 3
223 256 3
223 258 3
258 259 3
226 259 3
261 262 3
262 263 3
263 264 3
264 265 3
265 266 3
266 267 3
267 268 3
269 270 3
270 271 3
238 239 3
268 269 3
253 254 3
223 257 3
257 258 3
256 257 3
251 252 0
226 294 0
261 294 3
226 293 3
259 293 3
293 294 0
252 286 1
251 286 3
253 286 3
255 289 3
258 292 3
259 292 3
248 282 3
254 288 3
254 289 3
249 282 0
250 284 3
253 287 3
253 288 3
238 272 3
239 273 3
240 274 3
241 275 3
242 276 3
243 277 3
244 278 3
245 279 3
246 280 3
247 281 3
249 284 3
251 284 3
251 285 3
256 289 3
256 290 3
257 291 3
261 295 3
262 296 3
263 297 3
264 298 3
265 299 3
266 300 3
269 303 3
270 304 3
271 305 3
272 273 3
273 274 3
274 275 3
275 276 3
276 277 3
277 278 3
278 279 3
279 280 3
280 281 3
281 282 3
284 285 3
285 286 3
286 287 3
287 288 3
288 289 3
289 290 3
290 291 3
257 292 3
294 295 3
295 296 3
296 297 3
297 298 3
298 299 3
299 300 3
267 300 3
268 303 3
303 304 3
304 305 3
291 292 3
267 301 3
292 293 3
268 301 3
300 301 3
301 303 3
282 284 1
284 317 0
282 317 3
301 336 3
303 336 3
289 323 3
291 325 3
300 335 3
301 335 3
288 323 3
290 325 3
292 325 3
293 326 3
294 326 1
272 306 3
273 307 3
274 308 3
275 309 3
276 310 3
277 311 3
278 312 3
279 313 3
280 314 3
281 315 3
282 316 3
284 319 3
285 319 3
286 320 3
287 321 3
288 322 3
289 324 3
290 324 3
294 328 3
295 329 3
296 330 3
297 331 3
298 332 3
299 333 3
300 334 3
303 337 3
304 338 3
305 339 3
306 307 3
307 308 3
308 309 3
309 310 3
310 311 3
311 312 3
312 313 3
313 314 3
314 315 3
315 316 3
316 317 3
319 320 3
320 321 3
321 322 3
322 323 3
323 324 3
324 325 3
326 328 0
328 329 3
329 330 3
330 331 3
331 332 3
332 333 3
333 334 3
334 335 3
335 336 3
337 338 3
338 339 3
292 326 3
336 337 3
325 326 3
317 319 1
319 352 0
326 361 0
328 361 3
317 352 3
319 354 3
320 354 3
335 370 3
336 370 3
306 340 3
307 341 3
308 342 3
309 343 3
310 344 3
311 345 3
312 346 3
313 347 3
314 348 3
315 349 3
316 350 3
317 351 3
319 353 0
321 355 3
322 356 3
323 357 3
324 358 3
325 359 3
328 362 3
329 363 3
330 364 3
331 365 3
332 366 3
333 367 3
334 368 3
335 369 3
337 370 3
337 371 3
338 372 3
340 341 3
341 342 3
342 343 3
343 344 3
344 345 3
345 346 3
346 347 3
347 348 3
348 349 3
349 350 3
350 351 3
351 352 3
352 353 3
354 355 3
355 356 3
356 357 3
323 358 3
358 359 3
326 359 3
326 393 3
326 360 0
361 362 3
362 363 3
363 364 3
364 365 3
365 366 3
366 367 3
367 368 3
368 369 3
369 370 3
370 371 3
371 372 3
357 358 3
339 372 3
339 373 3
353 354 1
360 361 3
359 393 3
360 393 1
372 373 3
353 387 3
354 387 0
356 390 3
355 390 3
354 388 3
340 374 3
341 375 3
342 376 3
343 377 3
344 378 3
345 379 3
346 380 3
347 381 3
348 382 3
349 383 3
350 384 3
351 385 3
352 386 3
355 388 3
357 391 3
358 392 3
360 394 3
361 395 3
362 396 3
363 397 3
364 398 3
365 399 3
366 400 3
367 401 3
368 402 3
369 403 3
370 404 3
371 405 3
372 406 3
373 407 3
374 375 3
375 376 3
376 377 3
377 378 3
378 379 3
379 380 3
380 381 3
381 382 3
382 383 3
383 384 3
384 385 3
385 386 3
386 387 3
387 388 1
390 391 3
391 392 3
359 392 3
393 394 0
394 395 3
395 396 3
396 397 3
397 398 3
398 399 3
399 400 3
400 401 3
401 402 3
402 403 3
403 404 3
404 405 3
405 406 3
406 407 3
392 393 3
355 389 3
388 389 3
389 390 3
394 427 1
393 427 3
392 427 3
387 421 3
388 421 0
374 408 3
375 409 3
376 410 3
377 411 3
378 412 3
379 413 3
380 414 3
381 415 3
382 416 3
383 417 3
384 418 3
385 419 3
386 420 3
388 422 3
389 423 3
390 424 3
391 425 3
392 426 3
394 428 3
395 429 3
396 430 3
397 431 3
398 432 3
399 433 3
400 434 3
401 435 3
402 435 3
402 436 3
403 437 3
404 438 3
405 439 3
406 440 3
407 441 3
408 409 3
409 410 3
410 411 3
411 412 3
412 413 3
413 414 3
414 415 3
415 416 3
416 417 3
417 418 3
418 419 3
419 420 3
420 421 3
422 423 3
389 424 3
424 425 3
425 426 3
428 429 3
429 430 3
430 431 3
431 432 3
432 433 3
433 434 3
434 435 3
436 437 3
437 438 3
438 439 3
439 440 3
440 441 3
421 422 1
426 427 3
394 461 1
427 461 3
423 424 3
428 461 1
435 436 3
421 455 3
422 455 0
461 496 3
428 496 1
435 468 3
434 468 3
435 470 3
436 470 3
408 442 3
409 443 3
410 444 3
411 445 3
412 446 3
413 447 3
414 448 3
415 449 3
416 450 3
417 451 3
418 452 3
419 453 3
420 454 3
422 457 3
423 457 3
424 458 3
425 459 3
426 460 3
428 462 3
429 463 3
430 464 3
431 465 3
432 466 3
433 467 3
437 471 3
438 472 3
439 473 3
440 474 3
441 475 3
442 443 3
443 444 3
444 445 3
445 446 3
446 447 3
447 448 3
448 449 3
449 450 3
450 451 3
451 452 3
452 453 3
453 454 3
454 455 3
457 458 3
458 459 3
459 460 3
427 460 3
462 496 1
462 463 3
463 464 3
464 465 3
465 466 3
466 467 3
467 468 3
470 471 3
471 472 3
472 473 3
473 474 3
474 475 3
460 461 3
455 456 1
422 456 3
456 457 3
435 502 3
468 502 3
470 502 3
502 503 3
470 503 3
457 491 3
460 494 3
456 491 3
459 494 3
461 494 3
442 476 3
443 477 3
444 478 3
445 479 3
446 480 3
447 481 3
448 482 3
449 483 3
450 484 3
451 484 3
451 485 3
452 486 3
453 486 3
458 492 3
459 493 3
461 495 3
465 499 3
466 500 3
467 501 3
470 504 3
471 505 3
472 506 3
473 507 3
474 508 3
475 509 3
476 477 3
477 478 3
478 479 3
479 480 3
480 481 3
481 482 3
482 483 3
483 484 3
485 486 3
457 492 3
492 493 3
495 496 3
464 499 3
499 500 3
500 501 3
501 502 3
503 504 3
504 505 3
505 506 3
506 507 3
507 508 3
508 509 3
493 494 3
463 496 1
484 485 3
454 486 3
486 521 1
491 492 3
454 488 1
486 488 1
455 488 1
488 521 3
494 495 3
463 497 1
496 497 3
463 499 3
497 499 0
455 524 1
488 524 3
499 533 1
523 524 3
497 533 2
488 523 3
456 524 3
497 531 1
497 532 1
491 524 3
531 532 3
532 533 3
496 530 3
497 530 3
495 530 3
502 537 3
503 537 3
485 519 3
486 519 3
476 510 3
477 511 3
478 512 3
479 513 3
480 514 3
481 515 3
482 516 3
483 517 3
484 518 3
485 518 3
521 522 3
488 522 3
491 525 3
492 525 3
492 526 3
493 527 3
494 528 3
499 534 3
500 534 3
501 535 3
504 538 3
505 539 3
506 540 3
507 541 3
508 542 3
509 543 3
510 511 3
511 512 3
512 513 3
513 514 3
514 515 3
515 516 3
516 517 3
484 517 3
526 527 3
527 528 3
495 528 3
495 529 3
500 535 3
502 535 3
537 538 3
538 539 3
539 540 3
540 541 3
541 542 3
542 543 3
522 523 3
524 525 3
528 529 3
529 530 3
517 518 3
518 519 3
525 526 3
530 531 1
519 521 1
533 534 0
535 537 3
534 535 3
519 554 1
521 554 3
537 570 3
535 570 3
530 564 1
531 564 3
521 555 3
554 555 3
522 555 3
524 558 3
523 558 3
532 566 3
519 553 1
553 554 3
513 547 3
514 547 3
517 551 3
531 566 3
535 569 3
510 544 3
511 545 3
512 546 3
514 548 3
515 549 3
516 550 3
518 551 3
522 556 3
523 556 3
523 557 3
525 559 3
526 560 3
527 561 3
527 562 3
528 562 3
529 563 3
531 565 3
533 566 2
534 568 3
535 568 3
537 571 3
538 572 3
539 573 3
540 574 3
541 575 3
542 576 3
543 577 3
544 545 3
545 546 3
546 547 3
548 549 3
549 550 3
550 551 3
518 552 3
519 552 3
555 556 3
557 558 3
558 559 3
559 560 3
560 561 3
561 562 3
562 563 3
530 563 3
564 565 3
565 566 3
570 571 3
571 572 3
572 573 3
573 574 3
574 575 3
575 576 3
576 577 3
547 548 3
551 552 3
556 557 3
568 569 3
569 570 3
563 564 1
552 553 1
533 600 2
566 600 3
534 601 3
554 588 3
533 601 0
552 586 3
553 588 3
555 589 3
553 586 0
556 589 3
557 592 3
556 590 3
568 601 3
554 589 3
557 590 3
558 592 3
564 598 3
564 597 3
565 598 3
544 578 3
545 579 3
546 580 3
547 581 3
548 582 3
549 583 3
550 584 3
551 585 3
559 593 3
560 594 3
561 595 3
563 597 1
568 602 3
569 603 3
570 604 3
571 605 3
572 606 3
573 607 3
574 608 3
575 609 3
576 610 3
577 611 3
578 579 3
579 580 3
580 581 3
581 582 3
582 583 3
583 584 3
584 585 3
551 586 3
592 593 3
593 594 3
594 595 3
562 595 3
600 601 0
601 602 3
602 603 3
603 604 3
604 605 3
605 606 3
606 607 3
607 608 3
608 609 3
609 610 3
610 611 3
562 596 3
563 596 3
565 599 3
566 599 3
588 589 3
598 599 3
585 586 3
596 597 1
597 598 3
589 590 3
586 588 1
599 600 3
595 596 3
586 621 1
588 621 3
589 623 3
590 592 0
583 617 3
584 617 3
578 612 3
579 613 3
580 614 3
581 615 3
582 616 3
590 623 3
598 600 2
602 636 1
603 637 1
604 638 1
605 640 3
606 640 3
607 641 3
608 642 3
609 643 3
610 644 3
611 645 3
612 613 3
613 614 3
614 615 3
615 616 3
616 617 3
594 596 3
636 637 3
637 638 3
605 638 1
640 641 3
641 642 3
642 643 3
643 644 3
644 645 3
601 635 1
602 635 1
605 639 1
588 623 3
635 636 3
638 639 3
584 619 1
585 619 1
586 619 1
593 596 3
639 640 0
584 652 1
617 652 1
600 634 3
600 635 3
619 652 3
596 632 1
598 632 3
600 632 3
597 632 3
634 635 3
586 654 1
592 626 1
593 626 1
619 654 3
621 654 3
623 658 3
590 658 3
592 659 1
632 634 3
590 659 3
593 661 1
593 629 1
596 629 1
596 664 1
640 674 3
621 623 3
626 659 3
632 664 3
639 674 0
626 661 3
593 662 1
629 664 3
661 662 3
629 662 3
632 665 3
658 659 3
664 665 3
623 656 3
621 656 3
634 667 3
632 667 3
623 657 3
657 658 3
656 657 3
612 646 3
613 647 3
614 648 3
615 649 3
616 650 3
617 651 3
619 653 3
621 655 3
626 660 3
629 663 3
632 666 3
634 668 3
635 669 3
636 670 3
637 671 3
638 672 3
639 673 3
641 675 3
642 676 3
643 677 3
644 678 3
645 679 3
646 647 3
647 648 3
648 649 3
649 650 3
650 651 3
651 652 1
652 653 3
653 654 3
654 655 3
655 656 3
660 661 3
662 663 3
663 664 3
665 666 3
666 667 3
667 668 3
668 669 3
669 670 3
670 671 3
671 672 3
672 673 3
673 674 0
674 675 3
675 676 3
676 677 3
677 678 3
678 679 3
659 660 3
652 686 3
653 686 3
657 692 3
658 692 3
674 708 3
651 686 1
660 695 3
661 695 3
673 708 0
662 695 3
659 692 3
674 709 3
675 709 3
646 680 3
647 681 3
648 682 3
649 683 3
650 684 3
651 685 3
653 687 3
654 688 3
655 689 3
656 690 3
657 691 3
659 693 3
660 694 3
695 696 3
662 696 3
663 697 3
664 698 3
665 699 3
666 700 3
667 701 3
668 702 3
669 703 3
670 704 3
671 705 3
672 706 3
673 707 3
676 710 3
677 711 3
678 712 3
679 713 3
680 681 3
681 682 3
682 683 3
683 684 3
684 685 3
686 687 3
687 688 3
688 689 3
689 690 3
690 691 3
691 692 3
692 693 3
693 694 3
694 695 3
696 697 3
697 698 3
698 699 3
699 700 3
700 701 3
701 702 3
702 703 3
703 704 3
704 705 3
705 706 3
706 707 3
707 708 0
709 710 3
710 711 3
711 712 3
712 713 3
685 686 1
708 709 3
708 742 3
707 742 0
680 714 3
681 715 3
682 716 3
683 717 3
684 718 3
685 719 3
686 720 3
687 721 3
688 722 3
689 723 3
690 724 3
691 725 3
692 726 3
693 727 3
694 728 3
695 729 3
696 730 3
697 731 3
698 732 3
699 733 3
700 734 3
701 735 3
702 736 3
703 737 3
704 738 3
705 739 3
706 740 3
707 741 3
709 743 3
710 744 3
711 745 3
712 746 3
713 747 3
714 715 3
715 716 3
716 717 3
717 718 3
718 719 3
719 720 1
720 721 3
721 722 3
722 723 3
723 724 3
724 725 3
725 726 3
726 727 3
727 728 3
728 729 3
729 730 3
730 731 3
731 732 3
732 733 3
733 734 3
734 735 3
735 736 3
736 737 3
737 738 3
738 739 3
739 740 3
740 741 3
741 742 0
742 743 3
743 744 3
744 745 3
745 746 3
746 747 3
742 776 3
743 776 3
714 748 3
715 749 3
716 750 3
717 751 3
718 752 3
719 753 3
720 754 3
721 755 3
722 756 3
723 757 3
724 758 3
725 759 3
726 760 3
727 761 3
728 762 3
729 763 3
730 764 3
731 765 3
732 766 3
733 767 3
734 768 3
735 769 3
736 770 3
737 771 3
738 772 3
739 773 3
740 774 3
741 775 3
741 776 0
743 777 3
744 778 3
745 779 3
746 780 3
747 781 3
748 749 3
749 750 3
750 751 3
751 752 3
752 753 3
753 754 1
754 755 3
755 756 3
756 757 3
757 758 3
758 759 3
759 760 3
760 761 3
761 762 3
762 763 3
763 764 3
764 765 3
765 766 3
766 767 3
767 768 3
768 769 3
769 770 3
770 771 3
771 772 3
772 773 3
773 774 3
741 774 3
775 776 0
776 777 3
777 778 3
778 779 3
779 780 3
780 781 3
774 775 3
748 782 3
749 783 3
750 784 3
751 785 3
752 786 3
753 787 3
754 788 3
755 789 3
756 790 3
757 791 3
758 792 3
759 793 3
760 794 3
761 795 3
762 796 3
763 797 3
764 798 3
765 799 3
766 800 3
767 801 3
768 802 3
769 803 3
770 804 3
771 804 3
771 805 3
772 806 3
773 807 3
774 807 3
776 810 3
777 811 3
778 812 3
779 813 3
780 814 3
781 815 3
782 783 3
783 784 3
784 785 3
785 786 3
786 787 3
787 788 1
788 789 3
789 790 3
790 791 3
791 792 3
792 793 3
793 794 3
794 795 3
795 796 3
796 797 3
797 798 3
798 799 3
799 800 3
800 801 3
801 802 3
802 803 3
803 804 3
805 806 3
806 807 3
774 808 3
775 810 0
810 811 3
811 812 3
812 813 3
813 814 3
814 815 3
775 808 3
804 805 3
807 808 3
775 843 3
808 843 3
810 843 1
782 816 3
783 817 3
784 818 3
785 819 3
786 820 3
787 821 3
788 822 3
789 823 3
790 824 3
791 825 3
792 826 3
793 827 3
794 828 3
795 829 3
796 830 3
797 831 3
798 832 3
799 833 3
800 834 3
801 835 3
802 836 3
803 837 3
804 838 3
805 839 3
806 840 3
807 841 3
808 842 3
810 844 3
811 845 3
812 846 3
813 847 3
814 848 3
815 849 3
816 817 3
817 818 3
818 819 3
819 820 3
820 821 3
821 822 1
822 823 3
823 824 3
824 825 3
825 826 3
826 827 3
827 828 3
828 829 3
829 830 3
830 831 3
831 832 3
832 833 3
833 834 3
834 835 3
835 836 3
836 837 3
837 838 3
838 839 3
839 840 3
840 841 3
841 842 3
842 843 3
844 845 3
845 846 3
846 847 3
847 848 3
848 849 3
843 844 0
842 877 3
843 877 3
844 879 3
845 879 3
816 850 3
817 851 3
818 852 3
819 853 3
820 854 3
821 855 3
822 856 3
823 857 3
824 858 3
825 859 3
826 860 3
827 861 3
828 862 3
829 863 3
830 864 3
831 865 3
832 866 3
833 867 3
834 868 3
835 869 3
836 870 3
837 871 3
838 872 3
839 873 3
840 874 3
841 875 3
842 876 3
844 877 1
844 878 3
846 880 3
847 881 3
848 882 3
849 883 3
850 851 3
851 852 3
852 853 3
853 854 3
854 855 3
855 856 1
856 857 3
857 858 3
858 859 3
859 860 3
860 861 3
861 862 3
862 863 3
863 864 3
864 865 3
865 866 3
866 867 3
867 868 3
868 869 3
869 870 3
870 871 3
871 872 3
872 873 3
873 874 3
874 875 3
875 876 3
876 877 3
879 880 3
880 881 3
881 882 3
882 883 3
878 879 3
877 878 0
850 884 3
851 885 3
852 886 3
853 887 3
854 888 3
855 889 3
856 890 3
857 891 3
858 892 3
859 893 3
860 894 3
861 895 3
862 896 3
863 897 3
864 898 3
865 899 3
866 900 3
867 901 3
868 902 3
869 903 3
870 904 3
871 905 3
872 906 3
873 907 3
874 908 3
875 909 3
876 910 3
877 911 3
878 912 3
879 913 3
880 914 3
881 915 3
882 916 3
883 917 3
884 885 3
885 886 3
886 887 3
887 888 3
888 889 3
889 890 1
890 891 3
891 892 3
892 893 3
893 894 3
894 895 3
895 896 3
896 897 3
897 898 3
898 899 3
899 900 3
900 901 3
901 902 3
902 903 3
903 904 3
904 905 3
905 906 3
906 907 3
907 908 3
908 909 3
909 910 3
910 911 3
878 911 1
912 913 3
913 914 3
914 915 3
915 916 3
916 917 3
911 912 0
911 945 3
912 945 1
884 918 3
885 919 3
886 920 3
887 921 3
888 922 3
889 923 3
890 924 3
891 925 3
892 926 3
893 927 3
894 928 3
895 929 3
896 930 3
897 931 3
898 932 3
899 933 3
900 934 3
901 935 3
902 936 3
903 937 3
904 938 3
905 939 3
906 940 3
907 941 3
908 942 3
909 943 3
910 944 3
912 946 3
913 947 3
914 948 3
915 949 3
916 950 3
917 951 3
918 919 3
919 920 3
920 921 3
888 921 3
888 923 3
923 924 1
924 925 3
925 926 3
926 927 3
927 928 3
928 929 3
929 930 3
930 931 3
931 932 3
932 933 3
933 934 3
934 935 3
935 936 3
936 937 3
937 938 3
938 939 3
939 940 3
940 941 3
941 942 3
942 943 3
943 944 3
944 945 3
946 947 3
947 948 3
948 949 3
949 950 3
950 951 3
921 922 3
945 946 0
922 923 3
919 954 3
920 954 3
945 979 3
946 979 1
920 955 3
921 955 3
924 958 3
925 959 3
926 960 3
927 961 3
928 962 3
929 963 3
930 963 3
930 964 3
931 965 3
932 966 3
933 967 3
934 968 3
935 969 3
936 970 3
937 971 3
938 972 3
939 973 3
940 974 3
941 975 3
942 976 3
943 977 3
944 978 3
949 983 3
950 984 3
950 985 3
951 985 3
922 956 3
923 958 1
958 959 3
959 960 3
960 961 3
961 962 3
962 963 3
964 965 3
965 966 3
966 967 3
967 968 3
968 969 3
969 970 3
970 971 3
971 972 3
972 973 3
973 974 3
974 975 3
975 976 3
976 977 3
977 978 3
978 979 3
946 981 3
947 981 3
948 983 3
983 984 3
918 952 3
922 955 3
923 956 3
948 981 3
919 952 3
979 981 0
954 955 3
963 964 3
948 982 3
984 985 3
955 956 3
981 982 3
982 983 3
956 958 1
981 1015 2
952 954 3
979 1015 0
1014 1015 3
979 1014 0
952 987 3
954 987 3
954 988 3
956 991 3
958 991 0
982 1017 3
982 1015 3
983 1017 3
984 1018 3
984 1019 3
985 1019 3
987 988 3
956 989 3
952 986 3
954 989 3
955 989 3
988 989 3
982 1016 3
984 1017 3
989 990 3
956 990 3
958 992 3
959 993 3
960 994 3
961 995 3
962 996 3
963 997 3
964 998 3
965 999 3
966 1000 3
967 1001 3
968 1002 3
969 1003 3
970 1004 3
971 1005 3
972 1006 3
973 1007 3
974 1008 3
975 1009 3
976 1010 3
977 1011 3
978 1012 3
979 1013 3
1015 1016 3
1016 1017 3
986 987 3
990 991 3
991 992 1
992 993 3
993 994 3
994 995 3
995 996 3
996 997 3
997 998 3
998 999 3
999 1000 3
1000 1001 3
1001 1002 3
1002 1003 3
1003 1004 3
1004 1005 3
1005 1006 3
1006 1007 3
1007 1008 3
1008 1009 3
1009 1010 3
1010 1011 3
1011 1012 3
1012 1013 3
1018 1019 3
1013 1014 0
1017 1018 3
